##numIdsPerPattern:         2
##numOfPatterns :     10000
53
3750
31
1704
53
17386
53
997
31
2712
31
1438
31
324
31
818
53
2662
53
3918
53
991
31
2125
53
1056
31
355
31
3063
31
4726
31
633
53
1542
53
653
53
747
31
4392
31
681
53
18350
31
1235
31
2505
31
37224
53
514
31
265
31
267
31
4825
31
12252
31
1903
53
1340
31
3047
53
4422
31
151
31
9595
31
1558
31
1826
53
11676
31
534
31
1506
53
11528
31
1246
53
1164
31
2010
31
2029
53
2772
53
5071
31
2197
31
3008
31
189
53
6792
31
714
53
12728
31
17394
31
1273
31
5947
31
3976
53
13248
31
1799
53
4161
53
2162
53
5721
53
990
53
4739
31
24021
53
203
31
962
31
8806
53
531
31
172
31
5936
53
993
53
117
53
7328
31
1343
31
7448
53
8524
31
1213
31
1140
31
2482
53
5346
53
2007
53
808
53
1007
53
1527
53
4116
31
1203
31
2506
31
2031
31
3074
31
712
31
655
31
6295
53
4067
53
1971
31
7614
31
1129
53
3213
31
5583
53
101
53
1037
53
2285
31
7705
53
2830
31
1198
31
2451
31
8116
53
3768
31
5171
31
3575
53
2412
31
1649
31
2872
53
937
31
3805
53
20577
31
90
53
11667
53
1210
53
2460
53
120
31
2442
53
1234
31
2244
31
2466
53
1016
31
1750
53
468
53
699
53
19204
31
4990
31
7934
31
3777
53
10504
53
1328
31
4899
53
119
53
3354
31
3051
53
1606
53
2382
53
2160
31
2408
31
3150
31
1388
31
2453
31
20446
31
16042
53
1258
31
518
53
7675
53
3669
31
3811
53
4882
31
285
31
636
53
1081
31
2829
53
907
53
2912
31
729
53
417
53
514
31
6488
53
708
31
1754
53
472
53
3031
31
2355
31
838
31
1563
31
14747
53
4937
31
534
53
4789
53
4343
53
3170
31
871
31
2968
31
9093
53
1768
53
4229
53
3324
31
3940
31
3706
31
2574
31
1866
53
3326
31
4735
53
21175
53
9688
53
2435
31
605
31
2711
53
5087
53
6871
53
435
53
3324
31
10060
31
2612
31
1608
31
8176
31
22886
53
1889
53
915
31
125
31
3992
53
1639
53
4209
53
873
31
1377
53
2925
31
3791
31
879
31
7293
53
931
53
3590
31
2651
31
1664
31
9846
31
1154
31
426
53
506
31
2429
31
2309
31
29876
31
7788
53
726
53
1904
53
2998
31
24156
53
680
53
6258
31
13626
53
19908
31
50
53
202
31
6479
53
4755
53
4988
31
8169
53
3463
53
760
53
1167
53
21620
53
752
53
372
53
553
53
6575
31
2236
31
11996
53
3046
53
1028
53
516
31
3175
31
1224
53
414
31
5072
53
1306
31
3255
31
3213
31
1350
53
1569
31
10695
31
1425
31
1584
31
21668
31
2323
31
1759
31
2747
53
11319
31
596
31
5629
31
420
31
1180
31
1523
31
2314
31
3444
31
58878
53
1952
53
348
31
1660
53
2220
53
1879
53
3306
31
8087
53
630
53
2977
53
21804
31
4235
31
1994
53
2079
53
904
53
186
31
6489
31
8134
53
1920
31
2400
53
1362
31
2011
53
2392
53
1951
53
943
31
4878
31
14896
31
1137
53
4801
31
325
53
4235
53
4459
53
3106
31
638
53
6710
53
751
31
2380
31
1306
53
421
53
2379
31
282
53
7201
53
7675
31
216
53
8884
53
3325
31
58463
53
679
53
10656
31
3961
53
5766
53
3922
53
2202
31
3182
53
1736
31
808
53
3152
53
2615
31
471
53
941
31
4455
31
3832
31
2299
53
5561
53
4027
31
156
31
12461
53
3972
53
46441
31
3018
53
612
53
2882
53
3824
53
4743
53
1982
31
3354
31
750
53
6959
31
5072
31
6043
31
3723
31
2607
53
1795
53
6675
31
3513
53
8098
53
157
31
3148
31
8238
31
859
31
2956
53
4236
31
2056
31
6919
53
809
31
5144
53
4332
31
6588
31
390
53
2566
31
2673
31
1250
31
2103
31
3547
53
2957
31
3403
53
3612
31
4323
53
4876
53
2482
31
3344
53
25859
53
349
31
604
31
913
53
2918
31
1316
53
1084
31
582
31
5236
31
995
53
21307
53
4310
53
28234
53
2438
53
1699
53
1819
31
453
31
2959
31
3195
31
5864
31
3296
53
674
53
7895
53
3195
53
2165
53
579
53
1204
53
2236
31
2865
31
4203
31
4130
53
2474
53
738
53
7076
31
4286
53
1547
53
5603
53
4107
53
5485
53
20667
53
1846
31
19965
53
3265
31
986
53
955
31
10730
53
4893
53
4966
31
1658
31
593
53
12158
53
1137
53
500
31
2672
31
737
31
566
31
208
53
6174
53
13767
53
30070
53
3053
31
2082
53
9325
53
1425
53
1439
53
4654
31
5215
31
1768
53
1076
53
565
53
319
53
1967
53
327
31
3446
31
2067
53
1875
31
3179
31
3221
31
1776
31
14992
31
4518
53
2446
31
1546
31
2826
31
2883
31
3079
31
2815
53
6148
53
28681
53
819
31
868
31
5510
31
827
53
1229
31
712
53
3538
53
3623
31
2584
53
758
31
14389
31
276
53
1682
53
2287
53
424
31
553
31
7331
53
3134
53
18292
31
2125
31
2988
53
10731
53
2399
53
2208
53
1428
53
2613
31
3097
31
876
31
3521
31
194
53
626
53
54253
31
22411
31
6363
31
3920
31
3818
31
353
53
3129
31
4926
53
555
53
3865
53
4396
31
406
53
282
31
728
53
2142
53
3234
53
2089
31
2921
53
2162
31
1855
31
11210
53
20712
31
13234
53
1128
53
852
53
397
31
3819
31
12306
31
7626
31
1762
31
2211
53
818
31
3684
53
2275
53
1306
53
17724
53
1381
31
5040
31
767
31
3216
31
3908
53
2156
31
4489
53
3519
53
829
31
384
31
9107
31
99
53
563
53
2886
53
3344
53
1423
31
3253
53
1734
31
7500
31
765
31
5250
31
6479
53
1898
53
2157
31
253
53
7038
31
6793
53
9332
31
1265
31
2573
53
3549
53
3811
53
3788
53
2954
31
8171
53
3145
31
5482
53
1643
31
3939
31
384
53
3940
53
1232
53
7420
31
3852
53
198
31
3211
31
3859
53
1796
53
6060
53
764
53
6581
31
3756
53
1559
53
1591
31
255
31
2887
31
3680
53
537
53
89
31
3318
53
713
31
3486
53
1629
53
18718
53
599
53
3097
31
11174
53
6849
53
4889
31
374
53
19456
31
509
53
4735
31
4153
53
2669
53
2438
53
13991
53
4407
53
1035
53
2058
31
1326
53
4158
31
1744
53
1668
31
720
53
4697
31
3147
31
1211
31
10146
31
3486
53
5039
53
4224
53
6310
31
3232
31
4801
31
2848
53
5046
53
18104
31
1482
31
1813
53
1497
31
29243
53
3849
53
5256
53
1811
53
3712
53
381
53
5131
53
1251
31
5321
31
3548
53
205
31
8067
31
2239
31
16573
53
3515
53
2055
31
1705
31
8858
31
16883
53
173
31
8476
53
634
31
1495
31
3039
53
865
31
6227
31
841
31
1334
31
2021
53
47504
31
1175
53
244
53
456
31
1655
53
6559
53
1351
31
6026
31
212
31
1539
53
1528
53
3029
31
252
31
5298
31
14102
31
4115
31
2614
31
15140
31
1734
53
2147
53
2469
53
877
53
3402
53
6026
31
1522
53
4121
53
486
31
2472
53
9123
31
4500
53
3027
53
788
31
7528
53
3545
31
4613
31
1211
31
412
31
3227
53
2082
31
2480
31
3889
53
3519
31
23223
31
9721
31
133
31
1802
31
1975
53
6731
31
2328
31
3941
31
5915
53
1243
31
1855
53
3688
53
4201
31
14100
31
175
31
13160
53
524
53
2255
31
5439
31
2386
53
3753
31
1309
53
7803
31
713
31
2158
31
4617
53
2370
31
23183
31
93
31
361
31
8176
53
886
53
293
53
1925
31
3749
31
207
53
3859
53
3328
53
6557
53
8201
31
604
31
22429
53
8329
53
2600
31
13928
53
549
31
30632
31
4412
31
3646
53
4374
53
377
53
2896
53
547
53
19797
31
462
31
18081
31
1437
31
2616
31
3056
53
1042
53
568
31
6116
53
2370
31
550
53
1276
53
2217
31
4985
31
5170
53
1093
53
22947
53
21041
31
1456
53
713
31
1180
53
677
31
4137
53
24638
53
877
31
4828
53
3452
31
1363
31
3351
53
2695
31
5450
53
3393
31
10472
53
4676
53
3168
31
3740
31
3099
53
3772
53
37312
53
3096
31
3296
31
852
53
2960
31
1100
53
3166
31
355
31
791
31
674
53
9020
53
9547
53
1374
31
1721
53
544
31
1439
53
6965
53
8238
31
1629
31
2623
53
1318
53
3441
53
4187
31
4872
31
2748
53
5922
31
3777
53
1819
31
3692
31
17751
53
15825
53
3595
31
1713
31
7098
31
920
53
5405
31
1276
31
295
53
2126
31
1812
31
1810
53
8276
31
478
53
813
31
2027
31
11597
31
58
53
2081
31
855
53
1285
31
5399
31
1367
31
4956
31
4002
53
476
53
3432
53
6119
31
3265
53
187
31
6428
31
14618
53
1547
31
2005
53
37421
31
3210
31
1278
31
625
31
1584
53
5399
31
161
31
2998
53
2765
53
8019
53
4130
53
568
31
3983
31
27415
53
1440
31
11926
31
563
53
833
31
7788
53
7597
31
3837
53
1566
31
3540
53
148
53
2408
31
8407
53
7625
31
2824
53
3350
31
2437
31
4752
31
1384
31
5379
53
2053
53
1100
31
4669
31
2290
31
3429
31
2841
31
4851
53
1241
31
3087
31
5353
53
5944
31
1546
31
5835
31
38681
31
534
53
1085
31
1704
53
295
53
2132
31
3577
31
919
53
1357
31
1812
53
4036
53
5682
53
1549
53
4164
31
3032
31
2440
31
4083
53
800
31
11442
53
1612
53
347
53
2505
53
3056
31
1014
53
2501
53
3114
53
7226
31
2009
53
6398
53
2940
31
1090
53
6355
31
5216
53
11997
31
6331
53
1420
53
16981
53
1013
53
531
31
827
53
3047
31
800
53
2997
31
601
53
2391
31
2080
53
1287
31
9722
53
3096
53
147532
53
2586
53
5022
31
2505
53
117
53
134
31
421
31
4539
31
5735
31
1985
31
933
53
6221
53
4646
53
5286
53
4921
31
2291
53
6927
31
523
31
2064
53
3591
53
652
31
21935
31
5915
53
3776
53
1048
31
2803
53
182
53
1137
53
1015
53
6540
31
9214
53
360
31
999
31
9789
31
8969
53
800
53
3800
31
3752
31
2264
53
651
53
950
53
24010
53
571
31
2112
53
2478
31
245
53
5388
53
568
53
3319
31
1044
53
6213
31
2367
31
478
53
2952
31
1239
53
6196
53
1721
31
10894
53
5275
53
944
31
12416
53
29780
31
2045
53
1268
53
1749
31
146
53
27733
31
323
31
7571
31
5749
53
13339
31
4179
53
5922
31
2820
31
2103
31
4175
53
2213
53
1869
31
7469
31
1157
53
5251
53
940
31
108
53
1485
31
2535
53
5644
53
2417
31
1744
53
3414
53
8762
53
3544
31
2141
53
2784
31
375
31
2670
31
767
31
520
53
1482
31
4930
53
2540
53
571
31
3366
53
1934
31
5058
31
15369
53
2559
53
6643
31
2343
31
5291
53
4540
31
1301
31
1599
53
26484
53
2170
53
4872
31
1741
53
1237
31
4432
31
396
53
409
31
2285
53
3535
53
3705
31
2144
31
39833
53
299
31
4412
53
21708
53
1164
31
851
53
2102
31
188
31
3190
31
4566
31
272
31
2191
53
8152
31
3408
31
760
31
2030
53
586
53
3228
31
4632
53
5060
31
444
31
1717
53
7374
31
6667
53
226
31
3069
31
1608
53
20694
53
1675
53
22979
31
2108
53
3505
31
3087
31
11481
31
5073
31
1106
31
3373
53
590
53
9699
53
3902
31
67
53
28670
53
1462
31
4767
53
5776
31
8324
53
1257
53
674
31
297
31
5370
53
9292
53
3914
31
1002
31
1933
53
2865
31
11299
31
3224
31
2911
53
8963
31
11895
53
3458
53
1844
31
4672
53
1181
31
4857
31
511
53
2251
31
3096
31
1196
53
3357
53
1377
53
1071
31
2042
53
1172
31
1168
31
1462
53
968
31
1924
53
4684
53
2316
31
549
31
5646
53
25421
53
23630
31
1703
53
1672
53
1570
53
2769
53
1901
31
8121
31
11016
53
350
31
8711
31
8180
31
1651
53
6554
31
5655
53
2061
53
1308
53
3859
53
432
31
4581
31
136
31
657
31
1943
53
10667
31
55276
31
8270
53
6866
53
3163
53
2476
31
1796
31
6204
53
493
31
2119
53
8670
53
1449
53
4099
53
4508
53
3570
31
729
31
1815
53
2409
31
322
53
1137
53
390
53
4397
53
3831
31
1413
53
61
31
1236
53
2015
53
7905
53
8316
53
3169
31
566
53
8706
31
2735
53
6618
53
5971
31
9349
31
4122
31
2772
53
1800
31
561
31
3590
31
1549
53
3068
53
1806
31
704
53
3140
31
5471
53
513
53
22220
31
2374
53
3675
31
10005
53
3932
53
2932
31
3259
31
2043
31
10621
53
3115
31
120
53
2733
53
918
53
3652
53
2083
31
1035
53
3687
53
3307
53
834
53
4481
31
4935
31
3681
31
2246
53
787
31
4459
31
9358
31
7783
31
7725
31
2338
53
675
53
1816
31
6345
53
423
53
9747
31
1280
53
3545
53
1873
53
165733
31
666
53
10088
53
7020
53
19203
31
4786
31
1707
31
1285
31
1462
31
933
31
5055
53
7790
53
2827
53
1734
31
304
53
1724
53
3578
31
375
53
2711
53
7139
31
7389
31
2951
31
478
53
4264
31
638
53
4294
31
3019
53
3611
53
1045
53
7861
31
1512
53
2199
53
2462
31
1395
31
2188
53
2995
31
2996
53
3061
53
1860
53
1803
31
4974
31
1399
53
59749
31
1160
53
1287
31
503
31
698
31
8932
31
2309
53
2035
31
2893
53
4088
53
1860
31
3677
53
749
31
3718
31
209
53
937
53
3696
31
3107
53
5835
31
2528
53
900
53
3708
53
3621
53
6464
53
10488
31
3736
53
1878
31
2643
31
1885
53
2833
53
3453
31
1501
31
8865
31
4177
31
3922
31
10730
31
2501
31
4207
31
5495
31
2732
53
1052
53
1881
53
2791
53
8261
53
1093
31
2684
53
6914
53
9138
31
1175
53
3157
31
1486
31
1989
31
10691
31
5523
31
4959
31
5645
53
2680
31
470
53
566
53
716
31
2220
53
3408
53
15427
53
1350
53
2967
53
19431
53
3492
53
8060
53
1845
53
56
31
970
53
259
31
285
31
3873
31
3801
31
438
53
85
53
5100
53
1196
53
4861
31
6598
53
5167
31
272
53
2983
31
14794
31
282
53
4170
31
986
53
5194
53
3619
53
6026
31
4584
31
364
31
3529
31
6633
53
1147
31
6142
53
584
31
95
53
9704
31
6581
31
7076
31
154
31
2810
53
6191
31
2335
53
6204
53
5862
31
764
31
167
53
1487
53
2480
31
9977
31
764
31
6690
53
10924
31
3563
53
1418
53
1797
31
1837
53
98
31
85581
31
498
53
2136
31
2002
53
529
53
2604
53
2760
31
559
53
1912
53
866
31
1966
31
6350
53
2074
31
3585
53
1228
53
1244
53
4831
31
6689
53
3257
53
427
53
3528
53
3292
53
1076
31
2202
53
24268
53
18808
31
9531
31
239
31
5885
53
1905
31
102
31
3290
31
870
31
1252
53
986
31
509
53
2891
53
10751
53
1657
31
260
53
1479
31
4045
53
4129
53
4405
31
3800
53
7458
31
3079
31
1357
53
24615
53
829
31
844
53
1248
53
824
53
688
31
2123
53
1095
31
1795
53
4374
53
1430
31
9479
53
22840
31
2508
53
720
53
9914
53
472
31
7368
31
1428
31
8208
31
3137
31
5005
53
1391
53
5407
53
3157
31
1077
31
8712
53
9637
31
1184
31
2072
53
4152
31
9581
31
1662
53
2992
31
726
31
3229
53
6359
53
2374
31
5023
31
6419
53
3001
53
71
31
752
31
108
53
181
53
2115
31
9698
53
6118
31
6689
53
1066
31
10073
53
2527
31
3395
31
4274
53
1588
31
2073
31
6128
31
3694
53
5198
53
1307
53
5370
53
4512
31
325
31
1705
53
331
31
1717
31
2276
31
6276
31
1557
53
9585
31
2472
53
2097
53
5829
53
5293
53
2772
53
6380
53
778
53
3434
31
3121
53
482
31
1759
53
1937
53
1718
53
13301
31
7736
53
2722
31
876
53
4607
31
620
53
3521
31
27089
53
3740
31
1208
31
18148
31
560
31
4988
31
767
53
27253
53
236
31
2183
53
4632
53
4293
53
7777
31
627
31
958
31
2457
31
10172
31
3963
31
1478
31
1611
53
7178
53
2759
53
2172
53
7341
31
8143
53
1885
31
4195
53
15410
31
982
53
2004
53
1552
53
8354
31
7850
31
2145
53
2320
53
563
53
627
53
3292
53
4061
53
723
53
7253
31
2098
53
2716
53
13660
53
14694
53
4111
53
2684
53
2181
31
24887
31
3494
53
2302
31
3831
31
2704
53
1668
31
1380
31
8612
31
5982
53
2512
53
5203
31
737
53
3751
31
3722
31
671
53
6866
53
606
31
2271
31
7441
31
2932
31
31101
53
109
31
4199
53
11135
31
584
31
3082
31
2435
53
5793
53
8458
31
1618
53
2532
53
2314
31
3975
31
3671
31
8363
31
11217
53
1090
31
5037
53
4798
53
4880
31
830
53
667
31
1974
31
5675
31
10764
53
10725
31
3691
53
334
31
4554
31
2039
53
3046
31
698
53
775
53
3079
31
9721
53
1900
53
30581
31
9270
53
74
53
931
31
4718
31
599
31
8686
53
2617
53
6798
53
2407
53
2476
31
10526
31
4635
31
2415
53
7355
31
731
31
2742
53
504
53
25880
53
7951
31
5284
31
752
53
805
53
3501
31
3592
31
4886
53
641
53
24474
31
6551
53
2117
53
3017
31
12338
31
2435
31
2218
53
4051
53
432
31
3993
31
1095
53
1731
53
1549
53
56
31
711
53
3383
53
13515
31
4886
31
3856
31
12437
31
29986
53
15900
53
7882
53
1495
53
5004
31
3616
53
3215
31
11444
53
2247
31
2650
31
5440
53
4430
31
2328
53
1847
53
372
53
2610
53
396
31
2547
53
1504
53
3454
53
7027
53
2967
53
40780
31
3185
53
466
53
8136
31
2742
31
4886
31
2149
53
374
53
5497
53
1792
31
8525
31
805
53
6564
31
2471
31
3502
53
28141
31
2258
31
1531
31
1332
53
158
31
2594
31
8117
31
2986
53
7032
53
5664
53
5289
53
712
53
2372
31
8261
31
3410
53
9885
53
24105
53
1199
53
11308
53
6300
53
2066
31
1197
53
46460
31
2598
31
2670
53
1846
31
298
31
4901
31
1648
53
274
31
4169
53
620
31
4692
31
479
31
551
53
769
31
2661
31
13403
31
950
53
1102
53
4133
53
1996
53
5401
53
762
31
1964
53
1013
31
989
53
3447
53
5637
31
1862
53
1294
53
7476
53
2358
53
23303
53
33
31
21426
53
1527
31
9797
31
4623
31
4581
31
1827
31
26597
31
6805
31
4306
31
3548
53
5509
31
1289
31
4096
53
4476
31
6675
53
731
53
1388
53
3276
53
5573
53
28786
53
2515
31
14945
31
620
53
9412
53
185
31
8884
53
4431
53
1126
31
11228
31
4442
31
3000
53
7778
31
1888
53
491
31
6276
53
1322
31
5564
53
2327
31
8993
31
10221
31
147
53
12903
31
12269
31
5793
53
248
31
4106
53
6147
53
4603
31
6647
53
14262
53
367
31
4772
31
1565
31
1813
31
378
53
2409
31
1268
53
978
31
3101
31
736
31
3892
31
748
31
1021
31
935
53
1100
53
672
31
1143
31
541
31
1327
53
2879
31
8677
31
1281
53
3286
31
5513
53
5506
53
2083
31
3179
31
5884
31
16061
53
5129
53
347
31
506
53
4116
31
328
31
3828
53
2190
53
5513
53
170
31
2155
31
1384
53
10738
31
83
31
4118
31
1170
31
4094
53
1505
31
1113
53
6140
31
665
53
1465
53
1353
31
3622
53
3730
53
6394
53
60
31
17540
53
421
31
7663
31
587
53
6398
31
3670
53
5889
31
1671
31
8673
53
3581
53
41230
53
2867
53
5320
53
886
53
5513
31
10490
53
2956
31
2926
53
4961
53
1568
53
131
53
52870
53
3706
53
3563
53
332
53
2167
31
57026
31
1266
53
5819
31
1916
31
71
31
5074
53
1908
31
1380
53
29512
31
3678
31
4098
31
119
31
1217
31
1655
53
4138
31
17478
53
5223
31
54824
53
5806
31
29103
31
2413
31
4681
53
855
53
4036
53
2255
31
3471
31
897
53
3047
53
2798
53
10425
53
1798
53
4954
53
1748
53
9256
31
6655
31
368
53
2341
31
1598
31
275
31
3152
53
2719
53
1927
31
1651
53
807
31
1893
53
1941
31
936
53
3734
53
3992
53
344
31
9732
53
3364
31
4985
31
2474
31
3334
53
1802
31
3253
31
1317
53
836
31
4028
31
5079
31
4159
31
719
31
2575
31
3858
53
843
53
2922
53
5345
31
2074
53
2425
53
2753
31
8859
53
601
31
2001
31
6741
53
6074
53
3385
31
2564
53
6423
31
2600
53
2391
53
3151
53
3888
31
441
53
2140
53
749
31
42859
53
39224
31
3188
31
8560
31
3316
53
1474
53
6524
31
1503
31
467
31
9185
53
31713
53
4415
31
15629
53
19966
53
1182
31
814
53
3821
31
6828
31
639
53
812
31
5788
31
4307
53
726
53
336
31
165
53
2603
53
685
31
2617
31
18690
31
4937
31
288
31
936
53
8965
31
7222
31
7892
53
2928
53
265
53
1776
31
3002
53
5422
53
25268
31
819
53
28267
53
2932
31
3152
53
2513
53
2283
53
13040
53
654
31
11800
53
2319
31
7026
53
2477
31
2252
31
7031
53
4290
31
4355
53
4047
53
1552
31
2702
53
934
53
840
31
8984
53
28595
31
1054
53
12612
53
645
31
21287
31
5933
53
878
53
5767
53
4340
31
9647
53
3218
53
20529
31
6938
31
1663
31
3894
31
9735
53
2871
31
2704
31
876
53
3495
31
482
53
637
31
2379
31
5762
53
6262
53
1035
31
663
31
899
53
3496
53
2147
53
4185
31
2583
53
6620
31
41184
31
11881
53
3517
31
9554
53
13267
53
2665
53
1178
53
15124
31
1850
53
1503
53
2331
31
7636
53
6923
53
1439
31
5431
31
5699
53
2509
53
1618
53
4176
53
2028
53
855
53
2627
53
2598
53
379
53
3126
31
11495
31
11040
31
10661
31
3785
53
3456
31
3497
53
3114
53
2438
31
14488
53
15362
31
2051
31
4604
31
234
53
2393
53
1262
31
3608
53
467
53
2505
53
272
31
1708
53
254
53
1057
53
2304
53
136
31
4928
53
6409
31
3828
53
2875
31
482
31
2789
53
69
53
4989
31
3612
53
1947
53
6974
31
2962
31
11097
31
3539
53
15084
31
18685
53
2622
53
614
31
1624
31
499
31
35842
53
1020
31
1828
31
1844
53
83
31
1664
31
7617
31
4052
31
18788
53
524
53
986
31
5037
31
6921
31
7026
53
2533
31
3545
31
22033
31
2656
31
5546
53
2763
31
225
53
750
53
2952
53
6093
53
5627
31
1496
31
1180
53
1888
53
3943
31
1400
31
3922
53
2197
31
12798
31
3185
31
3090
31
10882
31
168
31
4743
53
3967
53
4391
31
417
53
10173
53
60
31
867
31
1203
31
2833
31
11162
53
953
53
5954
53
3560
53
8357
53
5285
53
3193
31
3610
31
6639
31
15544
53
1534
31
311
31
3880
31
2550
53
488
53
625
31
5167
53
323
31
1864
31
3756
53
790
31
2636
31
12046
53
1586
53
1634
31
9660
31
272
31
6171
31
1438
53
4110
31
3572
31
6594
53
15572
31
2262
31
179
53
2844
53
4013
53
18483
53
550
53
4536
53
158
31
731
31
422
53
1749
31
8036
31
1815
53
707
53
274
31
201
31
4004
31
2261
53
3171
31
7274
53
4269
31
5497
31
532
53
5918
31
6498
31
9854
31
1591
31
4769
53
3343
53
6422
31
1898
53
7405
53
623
53
4489
53
760
53
3412
53
9555
31
76
53
37252
31
18053
31
62004
31
3366
53
3463
53
2067
53
744
53
8071
31
4144
31
717
31
4735
31
589
31
1262
53
4555
31
907
31
396
31
22183
53
3759
31
225
53
1921
31
3216
31
10379
53
1706
31
523
31
1287
53
4187
53
268
31
1985
31
11585
53
6133
53
1169
31
895
53
4800
53
6655
31
26933
31
5850
31
6578
31
10071
53
382
31
20261
31
5048
31
59
53
27175
31
8206
31
1721
53
3649
31
7949
31
666
53
9145
31
1572
31
6345
53
6852
53
2651
53
7222
31
812
31
4558
31
33411
31
1183
53
19306
53
1076
31
4734
53
3567
31
1082
53
1083
31
1952
53
4799
53
231
31
1165
31
494
31
5909
53
1388
31
936
31
3488
53
1970
31
2900
53
1055
53
1006
31
1916
53
4637
53
1155
31
721
53
2076
53
5290
53
3469
53
5441
31
3190
53
3181
31
4805
53
1530
31
540
53
3383
31
978
31
5023
31
1506
31
491
31
3150
53
1152
53
1163
53
4365
53
8512
53
1964
53
3165
31
4283
31
139
31
548
53
2734
31
1396
31
12472
53
4622
31
1137
31
3427
31
1996
53
3528
31
9730
31
1076
53
499
31
1288
53
1434
53
8428
31
1922
31
7264
31
6706
31
4797
31
31314
31
130
53
9891
31
904
31
17041
53
2666
31
3388
31
10530
31
190
31
3057
53
16160
53
1891
31
27409
53
542
53
695
53
32055
53
1435
31
1239
31
5676
31
28975
53
2871
53
2018
31
6422
31
4384
53
4048
53
3388
53
2296
53
3641
31
8846
53
578
31
986
31
7913
53
1006
31
1358
31
297
53
2960
53
1042
53
7886
31
704
53
369
53
1065
53
2363
53
2015
53
6258
31
9073
53
6414
53
3091
31
1820
53
3643
53
1062
53
107842
53
3456
53
1396
53
216
31
2906
53
1771
53
262
31
245
53
246
31
4666
53
2704
31
837
53
9820
31
6205
31
836
53
383767
53
18450
31
1484
53
532
31
1882
31
211
53
2742
53
299
31
583
53
4162
31
1604
31
23514
53
589
31
611
53
2830
31
3109
53
959
53
182
53
1805
31
2233
31
2256
31
4557
53
3430
53
6359
31
4385
53
6852
31
6853
31
5264
31
3105
53
14778
53
958
53
985
31
11518
53
5365
31
10467
53
3729
31
8365
31
973
53
3852
53
2259
31
420
53
105
31
1287
53
6483
31
8590
31
5303
53
1482
53
1913
53
20463
31
4731
53
6663
31
5524
31
1276
53
6899
31
1603
53
1576
53
11661
31
4252
31
1749
31
5769
31
2750
31
6595
31
8576
53
2250
53
8278
53
2336
53
773
53
2206
31
43153
53
666
53
1540
53
2871
31
10331
31
3890
53
2299
53
1278
31
24018
31
7076
31
624
53
7069
31
4037
53
1872
31
4988
53
13572
53
6881
53
3646
31
8138
53
1531
53
5114
31
4045
31
3151
53
2673
31
4453
53
1648
53
11210
53
2683
53
3917
31
1500
31
1583
53
1741
53
5057
31
3738
31
3977
53
3634
53
880
31
7860
31
5725
31
19792
53
1565
53
4658
31
1379
53
2125
31
4323
53
4175
31
1238
31
1660
31
3346
53
6214
53
1769
31
8889
31
418
31
3656
31
6096
31
3227
53
9403
31
10010
53
353
53
12163
31
9369
53
991
53
940
31
3591
31
738
53
2012
31
13772
53
696
53
6916
53
4199
31
5513
53
1660
53
324
31
1832
31
3914
31
3729
31
7801
53
3933
53
1313
53
787
53
1265
53
7765
31
5442
31
144
31
1317
53
1369
31
3237
31
444
53
4870
31
3003
31
1389
31
1295
31
1482
53
5115
31
783
31
4892
31
3447
53
585
53
602
31
1457
31
11862
53
1073
53
4570
31
1245
53
3391
31
12078
31
321
53
6391
53
5345
31
915
53
851
31
482
53
6643
31
10822
53
2703
31
92
53
2624
53
2028
53
529
53
476
53
16080
31
226
31
3713
31
8546
53
3930
31
7461
53
3197
31
596
31
4092
31
4999
53
2524
53
176
31
2423
53
2176
53
2120
53
3597
31
3334
53
5773
31
850
31
4274
53
1074
53
533
53
2453
53
16275
31
4425
31
938
53
3459
31
851
53
2736
53
2998
53
2247
31
437
53
3849
53
2550
53
4644
53
6022
31
4170
31
5000
53
2155
53
258
53
4672
31
7920
31
2940
53
231
31
19103
31
3832
31
4388
31
8203
31
4663
31
2654
31
495
53
3129
31
5719
31
2974
53
2257
53
3490
31
6510
53
7523
31
5563
31
2034
31
6605
53
3469
31
6478
31
50727
31
5582
31
5096
53
5697
31
3024
31
5521
31
7183
53
7954
31
3364
53
3666
53
8921
31
367
31
1339
31
18308
53
60
31
1429
31
2447
53
730
31
1227
31
916
31
8571
53
851
31
4284
53
8570
53
4397
31
3628
31
667
31
151663
31
1379
53
2953
31
2654
31
2651
53
4805
31
1694
53
7319
53
6844
53
980
53
4113
53
49224
53
6252
53
354
31
2232
31
19722
53
290
31
3373
53
3109
53
531
53
8692
53
6721
53
2905
53
130
31
1420
31
3059
53
2335
53
9296
53
2919
31
34825
31
3342
53
485
31
23903
53
5332
31
365
31
1903
53
1300
53
712
31
276
31
2943
31
8308
31
5511
53
1060
31
284
31
2201
53
3729
31
3853
53
2661
31
4671
31
8097
31
457
53
1447
31
577
53
604
31
2948
53
1777
31
1727
31
106
53
1091
31
1285
31
2964
53
899
31
2760
53
1379
53
2695
53
443
53
2552
31
8010
53
4010
31
4910
53
5534
31
3331
53
3673
53
4946
53
2469
31
1762
53
19295
31
29737
31
5317
53
491
31
5284
53
6889
53
3579
53
1369
31
7717
53
8400
53
4581
53
7526
53
338
31
2408
53
11973
53
2793
53
2603
31
2144
31
2751
31
1316
53
2814
53
2176
53
817
31
1472
31
1395
53
1297
53
21605
53
1134
31
5067
31
5639
31
5966
31
3565
31
1674
53
4463
31
5379
31
1810
31
880
31
552
31
2499
31
6846
31
1441
53
3729
31
3221
53
2202
53
3184
31
15821
53
944
31
4376
53
4836
31
11482
53
2022
53
17191
31
41361
31
4590
53
2558
31
3007
53
1070
53
2197
53
2114
31
5167
53
2525
31
784
31
3056
31
6130
31
2816
53
9714
53
5521
31
2905
53
1416
53
3393
31
877
31
2058
53
4735
31
6305
31
521
31
239
31
2588
31
10076
53
4246
53
3795
53
3884
53
367
31
196
31
2375
53
9195
31
9579
53
19341
53
1704
53
1308
53
1254
53
15729
31
12312
31
2041
53
4335
53
4184
31
21552
53
2646
53
440
53
436
31
5358
53
5190
31
686
31
1580
31
8410
31
6267
53
690
53
14477
53
4296
53
4134
53
382
31
4783
31
714
53
1713
53
3148
31
16019
53
3392
31
1161
53
7878
53
9147
53
2539
53
2555
31
6330
53
2532
53
1649
53
5934
31
3074
53
2679
53
2998
31
1687
31
811
53
5319
53
11951
53
5708
53
2915
53
885
53
1330
31
1856
53
19889
53
946
53
3079
53
360
31
3619
53
565
53
741
31
279
31
8939
53
808
53
1137
31
4969
31
3259
31
2775
31
584
53
23801
53
6258
53
6846
53
7893
31
1805
31
695
31
2928
31
6987
53
1136
31
1786
31
2389
53
15191
31
3290
31
2482
53
5994
31
1135
53
2733
31
5155
53
2030
31
5538
31
1918
31
420
53
889
31
3649
31
1998
31
4146
53
3139
31
10207
31
2118
53
4413
53
8097
53
9610
53
3235
53
3895
53
38362
53
349
31
225
53
1445
31
5820
53
3801
31
1096
31
113699
31
28555
53
4870
31
3655
53
2469
31
2752
53
920
53
964
53
228
53
3334
31
46699
31
2374
53
726
31
2891
31
571
53
2387
53
914
53
499
53
3797
53
3295
31
4282
31
6061
31
3926
31
4176
53
6634
53
2380
53
1485
31
5602
53
4203
31
3771
53
2853
53
177
31
2759
31
5855
31
3453
53
352
53
15920
53
976
53
135
53
2030
53
492
53
8823
53
1384
53
2533
53
8096
53
3626
53
2338
31
551
31
332
31
4435
53
4741
31
3141
31
465
31
14764
53
4996
53
1713
31
1061
31
2472
53
7323
31
653
53
14840
53
16179
53
1088
53
1426
53
7085
53
2690
53
1673
31
7024
31
2835
53
3549
31
2983
31
2454
53
1774
31
1440
31
5199
31
4516
31
4136
31
473
31
942
53
9277
53
354
31
1517
53
266
31
2513
53
3193
31
10325
31
272
31
521
53
1227
53
742
53
696
53
1672
31
40250
31
215
53
6578
31
642
31
3696
31
6773
53
5085
31
4071
53
1256
31
15634
31
1079
53
4085
31
468
31
4074
53
3441
53
1205
31
258
53
2788
31
1546
31
5083
31
7198
31
5465
53
18541
53
21962
53
3614
31
1257
53
2500
31
2472
31
5867
31
9885
31
728
53
2246
53
647
53
3774
53
1715
31
3796
53
2974
53
4057
53
6195
31
205
53
1951
53
57
53
4928
53
3147
31
409
53
671
53
10443
31
2457
53
1334
31
3979
53
2871
53
2211
53
1048
31
5820
31
745
31
665
31
6271
53
7848
53
3800
53
593
53
536
31
5111
31
2880
31
3327
53
3182
31
4260
31
18565
53
2396
53
1721
31
230
31
4415
31
5223
31
567
53
2649
53
2366
53
6282
31
213
31
7134
31
3530
31
12206
53
2192
53
2550
31
6285
31
2045
53
48147
31
8906
31
470
53
2817
31
5901
31
8062
53
3151
53
2258
53
4515
31
758
31
894
53
1454
53
1844
31
2056
31
5469
31
17409
53
23224
53
3273
53
2192
53
2930
53
38896
31
4036
31
3179
53
4514
31
8373
31
17604
31
3891
53
4087
31
695
53
381
53
6457
53
1464
31
2389
31
1922
31
3318
31
7200
53
722
53
286
31
528
53
12179
31
5232
53
3435
53
309
31
546
53
2048
53
2727
31
2072
31
1009
53
2048
31
1488
31
4068
53
2297
31
1513
53
3739
31
2569
31
1745
31
3421
31
3836
53
1204
53
2622
31
4039
53
1308
53
4051
31
2578
31
4381
31
488
53
3177
53
559
53
5142
53
3667
31
2897
53
2871
53
375
53
1284
31
1342
53
2849
53
1309
53
35889
53
15645
31
2147
53
5872
31
2910
53
211
31
4486
31
1023
53
16041
31
3282
31
2460
53
1406
53
1853
31
777
53
2271
31
1924
31
3598
31
3952
53
929
31
2160
53
8500
53
4489
53
2959
31
10387
31
3207
53
8538
53
420
31
1553
53
21287
31
2428
31
190
53
4244
31
1468
31
1806
53
3819
31
1708
31
1729
53
2584
53
770
31
1292
53
5659
31
3374
53
178
31
2900
31
912
31
2226
31
1939
31
934
53
11857
31
95
31
7025
53
1296
31
9711
31
1275
31
1529
53
3150
31
3280
53
682
53
9418
31
618
53
639
31
184
31
2618
31
3954
31
11003
53
7911
53
908
53
471
31
414
31
1737
31
1552
53
4865
53
920
31
4151
31
4236
53
1228
31
2150
53
13767
53
2526
31
4696
53
3803
53
2357
53
12046
53
935
53
2482
53
22053
31
2048
31
1593
31
91684
31
1534
31
1429
53
49185
31
3608
53
1654
53
683
31
3816
53
7390
31
7689
53
14641
53
69
31
2239
53
1665
31
3111
31
504
53
6753
31
1363
31
4380
53
22218
53
3616
53
1134
31
2758
31
44657
53
1037
53
1883
31
866
53
1777
53
5287
53
4954
53
3831
53
2162
53
2757
53
8752
53
2511
53
3728
53
11557
53
4188
31
4351
31
3622
31
2507
31
568
31
6693
53
5079
53
875
53
7235
53
3615
53
1112
53
3233
53
18737
53
2149
31
2660
31
4183
53
791
31
693
31
5136
53
3506
53
3361
53
545
53
104
31
8273
31
1948
31
7526
31
5250
53
19631
53
1201
53
1157
53
7076
53
5560
31
4004
53
303
53
2570
53
10247
53
1550
31
1587
31
739
31
4363
31
3374
31
1648
53
3060
53
1735
31
12728
53
10202
53
7065
31
10832
31
1592
53
4946
31
5633
31
125
53
3681
31
2733
31
2547
31
472
31
469
53
554
31
2046
31
9156
53
27127
53
2563
31
17197
53
1297
31
1342
31
2938
31
125
53
7091
53
1612
31
3992
31
2451
53
1003
31
988
31
692
31
476
31
921
31
791
53
19002
53
2954
31
24631
53
603
53
5074
31
4118
31
5096
53
1061
53
3432
53
29293
53
2798
53
1556
31
2961
53
3962
31
1262
31
4873
31
232
53
3456
53
2952
31
2789
53
2415
53
1216
31
648
53
304
53
514
53
3317
31
2993
53
1669
31
6411
53
1878
31
11005
31
2708
53
9523
53
4995
53
1011
53
1218
31
1470
31
1711
31
1476
31
206
31
1932
31
5792
31
3520
31
2686
31
534
31
5583
31
435
53
450
31
2459
53
4737
31
456
31
1429
53
1388
53
2079
53
2990
53
445
31
1765
53
9694
53
676
31
4826
53
1348
31
1786
53
21685
53
4972
31
2353
53
1540
53
2642
31
2922
53
2469
53
4374
31
1201
31
1864
31
838
31
7406
53
16554
53
3548
31
2462
53
4404
31
1970
53
173
31
1706
53
1885
53
1877
53
3402
31
2162
31
2121
53
4429
53
2285
31
5323
53
3652
31
5154
53
2147
53
400
31
5624
31
603
53
3201
31
1394
31
58071
31
78
53
5938
53
9430
31
5164
31
3657
31
11755
31
2286
31
40668
31
1977
31
6600
31
591
53
4558
53
2291
31
5752
53
131
31
1812
31
5195
53
1014
53
891
53
3010
31
5167
31
1815
31
339
31
3207
53
1565
31
2463
53
4685
31
2771
53
614
53
33429
31
687
31
2924
53
9103
53
1138
31
903
31
3043
31
24504
31
389
31
6197
53
1926
53
3875
53
15271
53
4244
53
1704
53
3687
53
5983
31
616
31
2321
31
3662
53
1630
53
362
53
3047
31
1559
31
960
53
12738
53
3821
53
8820
53
1760
53
2389
53
1433
31
774
53
5135
53
9230
31
1222
31
409
31
3313
53
1160
31
18686
53
11206
31
3986
31
880
53
4117
53
2167
53
10087
31
1693
31
3553
31
1781
31
5264
31
1411
31
2440
53
53473
31
4069
31
1341
53
12393
53
144
53
2369
53
5510
31
63
31
2641
53
2063
31
2733
31
2585
53
3413
53
1325
53
489
31
55
31
3087
31
7225
31
50
31
6889
31
1856
53
2385
31
2645
53
2338
53
1131
31
2792
31
4060
31
16061
53
1038
31
4232
53
6956
53
4343
53
27769
53
16184
31
2710
53
7656
53
399
53
1853
53
1468
53
2476
53
1282
53
1567
53
9384
53
4608
53
337
31
325
53
4640
53
2924
53
1776
31
593
31
8926
53
6609
31
3141
31
2865
53
270
53
3410
31
2713
31
2344
53
1927
53
2134
53
3090
31
1101
53
1450
53
4710
31
1292
31
284
31
2789
31
5395
53
1485
31
1123
31
702
53
1480
31
6207
31
6111
53
6036
31
50
31
1249
53
3850
53
1261
53
2584
31
2642
53
1373
31
2238
53
5062
31
1698
53
3346
53
4198
31
2563
31
17372
53
4368
31
807
53
6093
53
10032
53
4371
31
5532
53
4670
31
3410
53
3303
31
25069
53
3008
53
4461
31
3350
31
2066
53
20192
53
849
31
5273
31
6701
53
4075
53
7470
31
4376
53
3229
53
82073
53
1785
31
28302
53
3781
53
6662
53
7591
53
3401
53
3527
53
3895
31
2552
53
659
53
5640
53
469
53
4426
31
2199
31
13240
31
5702
53
4153
31
1112
31
25953
53
4291
31
1621
53
181
53
12128
31
873
31
2735
53
3263
31
1323
53
2025
31
2271
31
14748
31
28681
53
7726
31
3388
31
5103
31
865
53
6685
53
1931
53
1637
31
1659
53
5934
31
10147
53
3440
31
4329
53
329
31
456
31
4817
53
5243
53
4528
31
701
53
416
53
1146
31
6431
31
20352
31
3107
53
4136
31
5293
53
3511
31
1970
53
3510
31
2605
53
1501
31
5108
31
5287
53
6728
53
7368
53
7771
31
3476
53
5860
53
1550
53
3572
53
1586
31
2711
31
3666
53
4221
31
1245
53
11175
53
871
53
4368
53
1646
53
19221
53
7500
31
499
31
3436
31
950
31
3236
53
2653
31
2417
31
716
31
15181
31
2658
31
806
31
2713
53
8097
53
922
53
1764
31
83600
31
711
53
2371
53
3413
53
7597
31
7606
31
7015
53
2476
31
1379
31
668
31
1194
31
2454
53
677
31
5019
53
3676
31
143
31
2687
31
405
53
3043
31
10002
31
85
53
1104
53
42027
31
2284
31
2095
31
2481
31
5542
53
3441
31
1865
31
4454
31
1056
53
3475
53
2481
31
5946
31
1107
31
3516
53
9674
31
8585
31
10320
31
1836
53
3045
53
1481
53
1347
31
3451
53
10381
31
240
31
20845
31
696
53
4131
53
6124
53
5050
53
2409
31
6596
31
1455
31
40200
31
1249
53
8823
31
960
53
1304
31
978
31
8790
53
2457
31
3977
31
8750
53
9222
53
10097
31
2480
53
11066
31
5551
31
97
31
609
53
4942
31
11086
31
50
53
2631
53
2559
53
3341
31
1347
31
1352
31
2057
31
4519
53
3930
31
5269
31
10541
53
1793
53
1714
53
29287
31
1280
53
1599
53
2301
31
5373
53
1613
53
2484
53
6876
53
2592
31
292
53
3537
31
7432
31
2488
31
2899
31
4313
53
1756
53
481
31
10694
53
7017
53
1853
31
6517
53
116
31
589
31
2770
53
2990
53
599
53
3018
53
9641
31
5499
31
5157
31
861
31
18679
53
2054
31
6301
53
1949
53
521
31
366
31
7198
53
740
53
2378
53
8518
31
1036
53
403
31
366
31
4993
31
3813
53
219
31
668
53
4016
53
4428
53
1319
53
2049
53
12091
53
725
31
2752
53
2830
31
1728
31
2679
53
1201
53
34605
53
2897
53
1076
31
5853
53
4761
53
6393
31
2843
53
9578
53
368
53
9017
53
2648
53
966
31
219
31
1280
31
4840
31
4651
53
6208
53
5857
53
4007
53
2302
53
195
53
11816
53
2559
31
8148
31
1023
31
2534
53
1087
31
10759
53
7019
53
3565
31
2363
53
2176
31
359
31
2300
53
4822
53
763
53
7228
31
675
53
486
53
3420
31
1367
53
3867
31
4631
53
287
53
6635
31
4697
53
1479
31
4020
53
1692
31
9962
31
869
31
6198
31
6124
31
6750
53
2423
53
10976
53
4452
31
383
31
8754
53
25352
53
25073
31
2355
53
2941
53
4561
53
840
31
8496
53
7523
53
14485
31
1845
53
1372
53
512
31
2435
31
1478
31
11409
53
2982
31
667
31
343
31
6908
53
234
31
25692
31
3221
53
140
31
307
53
3323
31
1491
53
2800
53
5088
53
921
31
12773
53
295
53
1141
31
246
53
1850
53
7355
31
1416
31
8556
31
3132
31
60
53
1551
53
4675
53
6383
31
1709
53
6586
31
3648
31
16612
53
208
53
483
31
1036
31
535
31
9314
31
2995
53
4313
31
1524
53
2531
31
4283
31
937
53
5650
31
774
31
2680
53
4072
31
9612
31
2493
53
2859
31
1439
31
3601
31
5983
53
4738
53
4936
31
558
53
13139
53
987
53
3922
31
3210
31
6382
31
890
31
3231
31
1175
31
19798
53
722
31
5458
31
4948
31
2995
53
10883
53
349
53
2387
53
4991
31
42611
53
222
53
37569
31
1601
31
4992
53
354
53
7876
31
3402
31
3454
53
2066
53
7157
31
4489
31
4444
53
8442
53
1741
53
540
53
8883
31
333
31
3088
31
2140
53
2621
31
4473
53
538
31
7727
31
6027
53
1808
31
1390
53
2310
53
7727
31
682
31
7398
53
231
31
6062
31
99
31
762
53
3161
31
4482
31
2798
53
692
53
1462
31
1768
53
753
31
2192
31
4052
53
11153
53
2766
31
1662
31
7614
53
3041
31
1721
53
2389
31
1354
31
6880
53
8363
53
2563
53
1148
53
5593
53
1344
31
952
53
2346
31
1582
31
2067
31
6512
31
2097
31
401
31
96
31
11390
31
3394
31
6377
53
1705
31
2990
53
8314
31
1850
53
1394
31
3791
53
23751
53
28922
53
621
53
1036
53
6345
31
1569
31
182
53
2542
53
1862
31
2567
53
3454
31
2246
31
1487
53
15476
31
3297
53
1020
53
2581
31
639
31
5205
53
6276
53
1937
53
1590
31
5906
31
2131
53
5317
53
2705
53
176
31
1582
53
3488
53
691
31
5796
53
1283
31
5396
31
775
31
5425
53
2865
53
1674
31
2527
53
1319
53
519
31
3324
31
1022
31
2908
53
8031
53
254
31
11303
53
4385
53
7649
31
2711
31
2674
53
3256
53
28358
53
697
53
10009
31
4221
31
332
53
2250
53
3329
31
7371
53
1020
31
6434
53
2344
31
1676
31
1437
31
3608
31
15393
31
13754
53
7187
31
312
31
6632
53
1529
53
462
53
1195
53
5710
53
316
53
1600
31
3300
53
1760
53
2940
53
3989
53
552
53
4186
31
1645
53
627
31
103138
53
3013
31
836
53
450
53
704
31
14062
31
8948
31
4217
53
4448
53
1384
31
5460
53
2884
53
70976
31
3902
31
2575
31
3410
31
3703
31
15397
31
5762
31
2318
53
3393
31
2079
31
575
31
1897
31
2539
53
4100
31
19741
31
1266
31
1574
53
3876
31
1614
53
846
31
2042
31
3546
31
12451
53
2250
31
3354
53
118
31
761
53
5522
31
813
31
371
53
952
31
2878
31
4335
53
745
53
3630
53
2939
31
5630
31
1630
31
3287
31
5533
53
3678
31
14235
31
971
53
24471
31
7235
53
6406
53
305
31
698
53
3667
31
6278
53
2559
53
4285
31
484
31
4583
31
518
53
414
31
3478
31
8855
53
3459
53
7931
31
7771
53
3072
53
3868
31
4735
53
7580
31
5439
31
6931
53
15094
53
1457
53
67
31
1340
53
7277
31
4488
31
178
53
9463
53
619
31
2286
53
8171
53
5046
31
2533
31
8318
53
3227
53
19315
53
1839
53
1083
31
5107
31
14393
31
2268
31
1212
31
5046
53
8198
31
3045
53
1216
53
5351
53
5052
53
279
53
2029
31
4755
53
7398
53
1055
31
141
31
1645
31
356
31
11310
31
5983
53
4717
53
3749
31
16522
53
3591
53
1415
53
2817
31
27084
53
1828
53
1745
31
2862
53
488
53
4678
53
408
31
22221
53
1887
31
1225
31
1622
31
567
31
6022
31
463
31
4819
53
4144
53
2030
53
6840
53
3093
53
7853
31
10580
53
13682
53
645
31
1551
53
2431
31
499
53
8565
53
5495
53
2407
31
1109
53
1814
53
2095
31
704
31
690
31
642
53
1050
31
651
31
13525
31
4400
31
5290
31
2457
31
2012
31
2629
53
2669
31
4759
53
3239
53
295
53
1581
31
1420
31
4047
53
308
53
3268
53
364
31
4654
53
3476
31
4193
31
2014
31
745
31
3229
53
71510
53
4226
53
2309
53
1069
31
3216
31
1554
31
4176
53
5271
31
50179
53
436
31
5117
53
3481
53
1955
31
738
53
2180
53
5519
53
9405
31
2882
53
3742
31
2977
53
5337
31
4323
53
3029
31
3908
53
2348
31
1062
31
6721
53
6518
31
5210
53
6072
31
1947
31
3455
31
723
53
2833
31
951
53
2552
31
4507
53
2738
53
5378
31
2535
53
2528
53
88
31
1536
31
142
53
555
31
14220
31
2278
53
1922
53
1605
31
5077
53
2034
53
7948
31
12469
53
220
31
9659
31
11677
31
997
53
6043
53
1952
31
3104
53
2462
31
785
53
2151
53
438
31
1895
31
3532
31
366
53
5309
53
3724
53
33
53
1814
53
5506
31
4274
31
3785
31
5117
53
106
53
2298
53
1338
53
365
31
15395
31
5052
31
4507
53
3153
53
3949
31
5015
53
3263
53
2552
31
1838
31
1016
31
1811
31
1813
53
6866
53
4210
31
5103
53
6705
53
1983
31
1262
53
1930
53
13544
53
1691
31
2251
31
295
31
4843
31
861
53
23962
31
26415
31
884
31
8080
31
2872
53
24845
31
2390
53
2290
53
5398
31
18080
53
3833
53
11154
53
27000
53
2357
31
2600
31
2659
53
3815
31
709
53
607
53
1154
31
601
53
3616
53
851
31
14547
53
2210
31
1966
31
2099
31
5085
53
2970
31
2391
31
5718
53
1758
53
1080
53
2804
53
202
53
1336
31
2907
31
5539
31
2848
53
6651
31
997
53
8279
53
2535
31
14082
53
7957
53
3694
53
8932
31
169
31
2220
31
104553
31
669
31
7950
53
4682
31
1196
31
44754
53
2882
31
735
31
1113
31
3772
53
3998
53
7871
31
913
53
6538
53
302
31
2394
53
13031
31
334
31
1005
53
1004
31
6102
53
3581
31
8044
53
4060
31
399
53
2882
31
2398
31
3944
53
23834
31
3106
31
3792
53
831
31
3114
31
1615
53
3350
31
2087
31
4440
31
1238
31
10564
31
286
53
1655
53
752
53
3416
53
9042
53
3322
31
8408
53
429
53
845
31
1268
31
2619
53
540
53
664
31
17129
53
2550
31
2760
53
12484
31
2306
53
2409
53
2629
53
3210
53
952
31
17553
53
516
53
569
53
989
31
1438
53
1556
31
732
31
687
31
69
53
13195
31
572
53
7588
31
3996
31
3680
31
253
53
47
53
2882
53
4809
53
8748
53
2594
31
1639
53
1443
31
4200
31
356
53
984
31
4742
31
1504
53
798
53
7076
31
4403
53
976
53
280
31
2028
53
2445
53
2012
31
2016
31
5959
53
5777
53
2494
31
5612
53
4617
53
1630
53
3962
53
1738
53
6901
31
1497
31
4107
31
3210
53
2600
31
3658
31
631
31
3991
53
3267
31
1927
31
1038
53
1718
53
2226
31
4117
53
3359
31
3670
53
5345
31
224
53
2664
31
5783
53
699
31
8463
53
2029
31
3018
31
1256
53
2965
53
3566
53
5602
53
2455
53
3294
31
2414
31
4119
31
2672
31
6668
31
411
31
4709
53
2028
31
1287
53
5926
53
3978
31
357
31
1386
53
6835
31
8238
53
1569
53
3903
31
3201
31
8937
31
3510
53
1093
31
2990
53
5684
53
4605
53
5321
31
3109
53
1583
31
4019
53
710
53
3185
53
1465
31
2226
53
240
53
7312
31
2606
53
2455
53
2012
31
2441
31
2594
53
2527
31
1241
53
2197
31
369
31
3608
53
5060
31
3335
31
598
53
921
31
933
31
417
53
1837
53
1882
53
3123
31
5193
31
4488
53
405
31
2503
53
144
31
1822
53
4420
53
4177
53
1419
31
851
53
2085
53
4920
53
1367
31
3811
53
1064
31
4873
53
3818
53
2047
31
939
53
1966
53
904
53
21918
31
2807
53
4096
53
760
53
1769
53
1455
31
1010
31
1775
31
213
31
8910
31
2949
31
3578
31
713
31
5304
31
1820
53
1131
53
2722
31
2762
53
3459
53
36527
31
258
31
3101
31
115
53
1090
31
1082
31
6862
31
2230
53
6659
31
3468
31
4385
53
7371
53
1065
53
2017
31
14176
31
873
31
1462
31
1670
31
1482
31
4201
53
7032
53
3183
53
2403
53
11786
31
2056
53
1638
53
2869
31
4968
31
6499
31
130
53
99
31
3723
31
2369
53
2069
53
5370
31
3263
53
1236
53
2933
53
58
31
1546
31
1951
31
4114
31
485
53
10261
31
2427
53
3504
53
3091
31
1784
31
181
53
2771
53
3212
53
17495
53
1989
53
428
53
683
53
5433
53
1993
31
3626
31
603
31
3341
53
1626
31
45359
31
4022
53
3100
53
512
53
183
53
14315
53
1269
53
3276
53
5503
53
1006
53
2145
53
5259
31
2201
31
1551
53
8045
31
3600
31
1447
53
11819
53
6736
53
1815
53
915
31
535
53
2983
53
2585
31
1409
31
2489
31
2528
53
2069
31
10530
53
9095
31
3246
53
13990
31
4463
53
1032
31
4328
53
223
53
2093
31
10288
31
742
53
9324
31
1870
53
7120
53
1007
53
3942
53
5544
53
1514
31
9185
31
139723
53
2320
31
22363
31
383
31
5589
31
2578
53
1480
31
11791
31
2696
53
11325
31
1609
31
553
53
1782
31
5465
31
231
31
751
31
3750
53
6337
31
1276
53
21511
53
2320
31
2678
31
1317
31
4433
31
517
31
1726
31
3123
31
2259
53
4622
53
4270
53
890
31
1718
53
2262
31
3359
53
6412
31
8779
53
1399
31
1557
31
6105
53
3451
53
1352
53
2291
53
270
31
1846
31
857
31
2646
53
2581
53
6989
31
458
31
4929
53
5549
53
1922
53
484
31
1183
31
1898
31
3761
31
3432
31
2087
53
2466
31
3713
31
1809
31
7319
53
2778
53
4605
53
366
53
2754
53
4549
31
65
31
7642
31
70
53
354
53
1559
53
956
31
5037
53
2635
31
1989
31
213
31
525
53
1509
53
4903
53
1898
31
11422
31
4369
31
4797
31
1503
31
4890
53
6406
31
466
31
138
31
15362
31
2759
31
18519
53
772
31
2730
31
17055
31
1526
31
911
31
1009
53
1116
53
2984
31
4660
53
8546
31
2359
53
2728
53
5409
53
11831
31
639
31
2527
53
11033
31
16679
31
752
31
376
31
2525
53
357
53
3680
31
1247
53
4105
31
5628
53
3127
53
200
53
1125
31
3024
31
14980
31
3151
31
1795
53
6329
31
2857
53
2799
31
477
31
3720
31
3374
31
3461
53
3652
31
11473
53
408
31
6416
53
1291
31
980
31
1655
53
2252
31
2659
53
5607
31
1528
31
2748
31
2126
31
5174
31
3284
53
3604
53
4731
53
1108
31
1913
53
654
31
542
53
1644
53
1158
31
2824
53
4410
31
1580
31
7677
31
2749
53
4210
31
1298
31
4155
31
1724
31
1214
31
4843
53
2242
53
6298
31
4975
53
56
31
2715
31
341
31
1169
31
1368
31
3913
31
9920
31
3510
31
1426
31
2548
31
1076
31
2027
53
2610
31
2040
31
3490
53
260
31
911
53
3009
53
3773
31
5080
31
6190
53
1158
53
19762
53
852
31
2196
53
709
31
4098
31
2826
31
1741
31
7135
53
8738
53
2803
53
837
31
329
53
2034
31
1599
53
2077
53
26119
31
874
53
3269
53
2271
31
512
53
15690
53
2606
53
14266
31
904
53
85517
53
4754
53
5278
53
4229
53
2204
53
3549
31
3256
53
1941
31
169
31
793
31
7398
31
6020
53
3122
53
1837
31
1363
31
17541
31
115
31
3786
53
6543
31
21380
53
2137
31
3494
31
3094
31
2342
53
6789
53
943
31
3406
53
4912
31
2799
53
2475
31
356
53
672
53
2419
53
4636
53
3425
31
2439
31
13773
53
3429
53
3221
31
847
53
1547
53
14417
53
5575
53
2120
31
168
53
271
31
1453
31
12990
31
3115
53
3916
53
4244
53
3751
31
1131
53
442
31
2754
31
1223
31
3706
53
54001
53
1919
31
315
53
6662
53
3905
53
4535
31
2629
31
3251
31
4432
31
935
53
23163
31
4067
31
5746
53
3378
53
1043
53
5605
53
455
31
1645
53
4437
53
389
31
8619
53
348
53
1170
31
7990
31
6031
31
3355
31
2572
53
3430
53
2033
31
694
31
1410
31
424
53
4007
53
389
53
945
53
4825
53
519
53
10632
31
3468
31
398
31
2040
53
3339
53
446
31
12934
53
3669
53
1928
31
179
31
5984
53
9535
53
1155
53
4200
31
981
53
15851
53
935
53
4972
31
1911
31
4865
53
337
53
103
53
7627
53
7222
31
710
31
6826
31
4177
31
3425
53
4917
53
1607
53
9621
53
4335
31
1397
31
7646
53
9738
31
18947
53
946
53
2154
31
1490
53
126
53
8358
31
2392
53
3828
31
4200
53
760
31
1652
53
727
31
4425
53
3829
31
4922
53
1296
31
2373
53
1135
31
3455
31
1601
31
3241
53
287
53
3176
31
2556
31
5207
31
4393
31
751
53
4836
31
5233
53
417
53
3083
53
205
53
6994
53
561
31
3102
53
12892
31
840
53
5141
53
1308
53
977
53
11263
31
4122
53
2637
53
597
31
2016
53
7794
53
11442
53
5987
31
6916
53
2878
53
450
53
906
53
20936
53
4875
31
152
53
3905
53
530
53
4660
31
210
53
17120
53
3413
31
1317
53
489
31
21184
31
237
31
13872
53
4070
31
1079
53
6855
53
2130
53
1147
31
1494
31
519
31
1242
31
5429
31
15599
31
6137
53
566
31
116
31
27109
31
3832
31
152
31
3144
31
67
31
1423
31
1437
31
4875
31
3869
53
5949
53
386
53
2806
31
4093
53
3301
53
9072
31
390
31
2208
53
6222
31
5267
53
4695
53
2179
31
2338
31
3698
53
2556
31
62
31
3124
31
4144
53
2405
53
4409
53
3049
31
99
53
976
53
2933
31
1470
53
6450
31
621
53
2653
53
855
31
14283
53
2229
53
3352
31
1213
31
23199
31
2742
31
1366
31
4060
31
1856
31
7892
31
115
53
3281
31
1748
31
4437
53
450
31
950
31
3106
31
10753
31
15615
31
1721
31
2448
31
10083
31
2530
31
5097
53
1820
53
3678
53
7662
31
97999
53
333
31
2909
31
3622
53
316
53
3497
31
3284
53
1391
31
10634
31
4398
31
278
53
3598
53
3760
53
645
53
11567
31
5225
31
5120
53
5430
53
5712
53
734
31
765
53
399
31
3861
31
1387
53
935
31
1859
31
3019
53
615
53
2100
53
4389
31
19981
31
4282
31
4808
31
5085
31
1502
31
2304
53
2191
31
1511
31
2827
31
1621
31
3705
31
4991
53
27097
31
591
53
1487
31
1789
31
116
31
454
53
1451
31
2403
31
3493
31
137
53
23570
31
1044
31
9339
31
750
31
4152
31
4293
31
2425
31
3731
31
5532
31
13148
31
5388
31
6855
31
10598
53
1120
31
1374
53
3575
53
5254
53
721
31
551
31
2425
31
2816
31
6570
53
936
53
5365
53
429
53
330
31
5511
31
3183
31
5492
31
605
53
1515
53
3305
31
755
31
5614
31
4566
31
2532
31
16533
53
2447
31
1921
31
7107
31
2457
31
703
31
3786
31
6122
53
9184
53
1648
31
2086
31
685
31
2754
31
3098
31
339
53
2184
53
3075
31
2567
31
2210
31
25195
53
2786
53
3168
53
7101
53
483
53
2262
31
1783
53
1491
53
3656
53
23100
53
1052
53
6021
31
4087
53
1031
53
8060
53
2603
53
3213
53
539
31
10462
53
3948
31
489
53
6100
31
16658
53
5045
31
5253
53
3548
31
735
53
8787
31
2130
31
454
31
2404
53
1460
53
2748
31
393
31
490
53
3037
31
423
53
6629
53
419
31
2577
53
8890
31
3772
31
1652
31
5514
31
85
31
9104
53
231
31
6261
53
1306
31
5261
31
2171
31
2727
31
5508
31
1009
53
3991
53
11151
53
2915
53
3351
53
1255
31
3002
53
4091
53
549
53
1677
53
3902
31
1550
31
1099
31
72392
53
6138
53
1686
53
4625
31
1890
31
693
31
4161
31
1798
53
6459
31
499
31
760
53
197
31
3361
53
621
53
2437
53
11921
31
134
53
1979
31
1225
53
2699
53
3601
31
2285
31
4421
31
2106
53
1198
53
5866
31
1107
31
3337
53
1295
31
5824
31
3641
53
4105
31
6778
31
1593
53
7607
31
4596
53
23484
31
1964
31
1776
31
2414
31
8636
53
6740
31
1372
53
5402
53
2277
53
3809
31
2184
31
4788
31
8919
31
1889
31
2257
53
310
53
2181
53
692
31
4262
31
805
31
3452
53
600
53
2338
31
6488
31
508
31
7286
53
4839
53
2655
31
3670
31
7077
53
10671
53
4670
31
4277
53
427
31
1745
53
2977
31
1649
31
6384
31
28768
53
271
53
4421
53
976
31
1994
31
18277
31
2905
53
1389
53
6054
53
29945
53
526
31
8251
53
2301
31
1598
31
6255
31
400
53
883
31
730
31
4021
31
3917
31
2513
31
13369
31
9607
53
1256
53
4200
53
5639
31
4034
53
33
53
465
31
1543
31
2954
31
4215
53
10725
53
4059
31
3334
53
2002
31
3412
53
1363
31
11058
53
2453
53
3502
31
4199
53
3309
31
2608
53
9690
53
2508
53
3152
31
1262
31
3735
31
1829
31
855
53
1745
53
1016
31
1107
31
6946
53
3842
31
1852
53
7934
53
298
31
355
31
848
31
6635
53
4840
31
6353
53
8294
31
2370
31
10608
31
9779
31
3097
31
20414
53
2347
31
3207
53
251
53
2363
31
1881
53
3049
53
2799
31
10373
31
13985
53
798
53
13536
31
2692
53
389
31
264
31
2984
53
1792
53
399
53
1995
53
4807
53
1269
31
872
31
2760
31
28717
53
2140
31
3709
53
2746
31
1650
53
39306
53
2792
53
1979
53
4618
53
4018
53
278
31
4072
53
911
31
7787
53
581
53
4027
53
1384
31
10476
31
5198
53
3161
31
1644
31
3319
31
2363
53
2816
31
2699
53
18611
31
2833
31
96
53
2391
53
1252
53
3818
31
3897
53
6931
53
5244
31
15305
53
4603
31
6775
31
681
53
5437
53
1679
53
481
31
1879
31
1848
31
668
31
2050
53
2017
31
5439
31
6335
31
2533
53
2034
31
1598
53
4013
53
4733
31
903
53
3939
31
3124
31
4350
31
73
53
438
31
15091
53
2048
31
364
31
3626
31
299
53
6893
53
1144
53
4904
53
538
53
4138
53
31944
31
4594
53
7232
31
40768
53
2645
53
2561
53
1049
31
842
53
101
53
3432
31
1469
53
2243
31
1224
31
4128
53
691
31
153
53
3234
31
548
53
3684
31
2239
53
3625
53
1209
53
3502
31
7193
31
3178
31
6471
53
3093
53
50
53
6252
31
1706
53
7158
53
3871
53
786
31
2543
31
3216
53
5766
31
4292
31
1275
31
6756
31
829
53
893
31
6560
53
1933
31
4295
53
506
53
6013
53
4795
31
19023
53
1956
53
6214
53
1805
31
11762
31
2251
31
5093
31
2300
31
2379
31
996
31
1658
31
10587
31
6567
31
1118
31
1676
31
2344
31
5379
31
6643
53
904
31
3905
31
6590
31
145
53
457
53
1291
53
3041
31
58
31
60
31
900
31
1764
31
2251
31
5729
31
275
53
6651
53
6360
53
2413
53
4488
53
14769
31
319
53
3199
53
6406
53
37031
53
2616
31
870
31
5922
53
6301
53
1790
53
15414
53
1756
31
1046
31
6047
31
4162
31
3776
31
4964
31
351
53
6526
31
4548
53
3132
31
975
31
5981
31
7158
53
1213
53
3324
31
101083
53
971
31
1125
53
841
31
12672
53
2083
53
3933
53
329
53
3773
31
725
31
1076
31
17082
53
1270
53
5278
31
10494
31
4299
31
1738
53
102
31
3586
53
3439
31
5420
31
5937
31
4901
53
2520
31
4667
31
5202
31
1259
53
5261
31
438
31
12395
53
2757
31
4703
53
247
31
3785
53
3942
53
844
53
2403
31
859
31
2054
31
6883
53
3355
53
4646
53
1231
31
2391
53
520
31
15708
53
4250
53
7009
31
961
31
1298
53
9189
31
4294
53
1691
53
4283
31
523
53
2793
31
1793
53
1512
53
3813
31
6452
31
5224
31
6203
53
5335
31
3691
31
188
53
5627
53
8412
53
7528
53
4991
53
22193
53
2639
31
3426
53
927
31
2643
53
17244
53
4368
53
4072
53
4503
53
2309
31
742
53
540
31
1646
31
1087
53
1498
31
134
31
3917
53
2627
53
1474
31
303
53
2843
31
1956
31
3397
53
3816
53
2497
53
2669
31
25107
31
2031
53
296
53
2618
53
1422
31
8745
31
1776
53
1766
31
214
53
24975
53
390
31
356
53
4562
31
3506
31
536
31
2608
31
6868
31
3118
31
4065
31
3093
53
1014
53
816
53
575
53
1267
53
4335
53
7078
31
1164
31
1907
31
3441
53
196
53
2500
31
3061
31
1199
53
10632
31
10413
31
3594
31
10468
31
329
53
2525
31
223
31
5415
31
9708
31
2130
53
13293
31
804
31
911
31
1991
31
7048
53
6601
31
472
53
974
31
907
53
3139
53
580
31
1178
53
2718
53
4789
53
889
31
601
53
1445
31
7646
53
1120
31
685
53
4815
53
13193
53
3447
53
3937
31
4335
31
5058
31
3207
53
12895
31
6786
53
247
53
254
31
5054
53
1272
53
6111
31
7598
31
839
31
4345
31
1601
31
2046
53
730
53
284
31
2150
31
616
53
7052
31
1113
31
2460
31
2341
53
1367
53
7409
53
2460
31
1394
31
2243
31
2896
53
1867
31
4137
31
21543
31
1034
53
5554
53
4334
31
3415
31
6727
53
1259
53
2241
53
381
53
3573
53
7313
31
487
31
10558
31
4762
31
6701
31
1657
53
1626
31
665
31
12242
53
4563
53
3456
53
217
53
2742
53
2762
31
13217
53
1342
53
7250
53
20681
53
912
53
6689
53
2174
31
770
53
611
53
12096
53
1827
53
33612
53
2634
31
3701
53
1434
53
6187
31
6391
53
146
31
3131
53
2509
31
1347
53
8761
53
3956
31
3784
53
1075
53
789
31
1317
31
19418
53
1713
31
11064
31
536
31
6495
53
1614
31
4590
53
1670
31
1445
31
4461
53
1126
31
37937
53
985
31
4109
31
4186
31
3669
53
4514
53
4109
31
5344
53
3534
53
2657
31
8007
53
3828
53
278
53
2758
53
4718
31
1628
31
1156
31
2409
31
941
53
5282
53
849
53
4513
53
2212
31
1069
53
1428
53
3715
53
386
53
1096
31
1683
53
744
31
5868
31
2189
31
351
53
2160
53
1256
53
499
31
4633
53
4373
31
4413
31
3725
31
5130
31
195
53
181
53
5839
31
4817
53
3551
31
2100
31
804
53
3088
53
10791
53
328
31
761
53
8846
53
4051
31
12479
31
7493
31
24469
53
2083
31
1897
53
454
31
4174
53
644
31
3851
31
2119
53
5364
31
16307
53
655
53
6454
31
9288
53
7527
53
1685
31
628
31
1162
31
3604
53
653
53
2812
31
1740
31
778
31
2006
31
649
31
13279
31
2155
53
2560
31
3569
31
1929
53
1455
31
3185
31
12533
53
215
31
747
31
1795
53
2058
53
1640
31
5789
53
517
53
129
53
2945
31
2480
31
1650
31
1608
53
4177
53
2603
53
146
31
2489
31
2318
53
28975
31
6218
53
769
53
1346
31
1292
53
324
31
50
31
4376
53
4091
53
6043
53
2742
31
7266
53
3185
31
2271
53
3510
53
699
31
1802
31
4101
31
1397
53
17372
31
8405
31
13019
53
5506
53
5397
53
3083
31
596
31
1244
53
1653
31
2594
53
354
31
2459
53
5769
31
3998
53
1148
53
7400
31
7531
53
1893
31
1613
53
1741
31
1216
31
3984
31
843
53
4458
31
2867
31
933
53
1184
31
5730
53
587
53
7788
31
1582
53
1589
31
6136
53
5164
31
4506
53
7679
31
1141
53
3276
31
1489
31
1751
53
4311
31
4051
31
5432
53
3342
53
5642
31
4520
53
406
53
6136
53
791
53
2722
31
180
31
406
31
1550
31
9061
31
3577
53
5332
31
5249
31
4471
31
1558
31
7129
31
224
31
1200
53
4294
53
599
53
2041
31
946
31
1911
53
1695
53
14431
53
1151
53
3834
31
5710
53
2619
31
1829
53
304
31
743
53
3446
31
1407
31
27485
53
8617
53
2102
31
3694
31
4407
53
4222
53
3560
53
9342
53
2570
31
8950
53
10747
53
6060
53
2789
53
6063
31
546
31
406
53
4556
31
1300
53
629
31
3930
31
548
53
4222
31
2493
31
547
53
2906
53
5563
53
4000
31
11388
53
12594
53
1704
31
1860
53
23560
31
936
31
1544
53
142
53
60
53
11689
31
1783
53
343
31
2990
53
7267
31
3760
53
10805
53
229
53
4380
31
2932
53
75290
53
520
53
355
53
497
31
4901
53
672
31
177
53
6110
53
3682
53
97
53
7129
53
5005
53
4924
31
3444
31
6365
53
2755
31
3806
31
4170
53
3169
53
2279
31
1314
31
127
53
27869
31
795
31
1582
53
116
53
601
31
2787
53
608
31
9812
31
1338
31
1669
31
132
53
2876
53
5521
31
3669
53
760
53
2666
53
2656
31
3230
53
6516
53
559
53
744
53
3698
53
1186
31
5029
31
2230
53
1112
53
1347
31
1440
53
17515
31
2541
53
910
31
4735
31
1790
31
1638
53
9249
31
7940
31
6310
53
6560
53
4782
31
102
31
5397
31
750
53
3981
31
8310
53
2610
53
2532
53
4366
31
1259
31
3354
31
204
31
501
53
691
31
6797
31
750
53
580
53
212
53
3158
53
6243
31
1113
53
4495
31
6049
53
5162
31
1438
31
3771
31
1944
31
1331
31
863
53
16221
53
2266
31
1200
53
1595
53
123
31
136
31
603
53
1078
53
4942
31
693
53
726
31
8049
53
1115
31
339
31
3156
31
155
31
549
31
737
31
505
53
427
31
4318
53
3476
31
2289
31
3073
53
6875
53
515
31
2675
53
4005
53
264
31
4667
31
6726
53
2405
53
8966
53
1815
53
2334
31
10957
53
28252
53
5510
31
2686
31
5545
31
7048
31
4861
31
2158
31
599
53
5831
53
280
31
12761
53
2248
53
78
31
1837
31
4459
53
6077
31
1428
53
2940
31
314
53
6994
53
8016
53
6690
53
1652
31
1906
31
7783
31
2563
53
2452
53
694
31
3200
31
568
31
11579
31
7064
53
4305
31
5487
53
17703
53
295
31
6177
53
4421
53
2961
31
5250
31
7295
31
6236
53
2286
53
2472
31
1625
53
13059
53
17194
31
4000
31
3384
31
4302
53
6170
53
3970
31
3265
31
1548
31
6632
53
2224
53
1644
53
997
53
5740
31
629
31
3794
31
1507
31
5699
31
6074
31
596
31
3044
31
1595
31
1954
53
356
53
1403
53
3518
31
9325
31
384
31
3046
53
3905
53
5379
53
7277
53
7523
31
2485
31
939
53
3010
53
3473
53
400
31
2755
53
1161
53
466
31
4912
31
4372
53
7919
31
1254
31
10087
53
2528
53
2588
31
4504
53
3548
31
2561
31
5234
31
583
31
418
31
3011
53
5003
53
1849
53
842
31
1373
53
899
31
3230
31
19586
53
2192
53
2385
53
42414
31
5754
31
3713
31
788
31
2679
31
3052
53
25721
53
789
53
12480
53
10841
31
10777
53
786
31
3330
53
2676
31
1036
31
4040
31
3731
53
2830
31
442
31
4019
53
584
31
238
53
828
31
5071
31
15840
31
392
31
1353
31
119
31
1961
53
4048
53
2313
53
5198
31
1394
53
6653
31
1258
31
1647
31
2637
31
4407
53
693
31
7613
31
4605
31
4224
31
5141
53
4496
53
988
53
2220
53
6515
31
626
31
4815
31
5694
31
3702
53
140
31
1992
31
387
53
5847
53
1958
53
713
31
1469
31
3802
53
3717
31
8716
53
8671
31
1538
53
2803
53
1190
31
6191
53
2510
31
4988
53
837
53
76
53
102
53
8486
31
1858
53
226
53
5352
31
7556
53
3229
31
2756
31
1810
53
1124
53
274
53
4130
53
925
31
9815
53
9689
53
12362
31
2040
53
4456
53
6134
53
2904
53
2076
53
1607
53
489
31
1171
53
74
53
5439
53
1023
31
4630
53
1629
31
5851
53
3844
31
2578
53
1626
31
2360
53
402
31
5772
53
2851
31
12980
53
2645
31
2991
53
1164
31
4366
53
3087
31
27104
53
15253
53
1683
31
14248
53
1911
31
1528
53
1996
53
1755
53
1813
31
9413
31
18030
53
7017
31
2678
31
3819
31
1822
53
4835
31
5181
53
1838
53
658
31
3412
53
5059
53
2698
53
3540
53
9342
31
514
53
478
53
1853
31
1596
53
1045
53
3976
53
1294
31
5935
53
2336
31
2693
53
4863
53
5257
53
3541
31
5356
31
2569
31
1138
53
6193
53
828
53
468
31
1033
31
9508
53
5803
31
2404
53
3564
31
5773
31
7068
31
2400
31
1240
31
301
53
488
53
2935
53
1415
31
2396
31
3136
31
3127
53
4969
31
7291
31
272
53
1517
53
79
31
5763
31
2670
31
4235
31
473
53
1551
31
12198
53
207
31
2702
53
2841
53
263
53
2047
53
1914
53
4083
31
675
31
946
53
2457
31
17079
31
269
53
86
31
10854
53
10018
31
3017
53
875
31
2667
31
3804
53
4672
53
98
53
2134
31
1205
31
2748
31
845
53
1485
31
537
53
3056
53
3228
31
2786
53
1113
31
143
31
1384
53
3087
31
6011
31
2463
31
5835
31
4335
31
1184
53
3626
53
2611
53
3293
31
184
53
9027
53
92
31
1881
53
2531
31
1401
31
8160
31
4490
31
2112
53
71178
53
555
53
5253
53
4028
53
5672
53
2569
31
7009
53
1753
53
2028
53
4346
53
1074
31
948
31
4358
53
2002
31
662
31
676
31
1125
31
224
31
8940
53
1758
31
89
31
1240
31
1586
53
9960
31
463
31
679
31
3930
53
6889
31
9261
53
2481
31
6670
53
178
53
923
53
95
31
1498
53
3564
31
5785
31
1955
53
4746
53
1715
53
5278
53
1424
31
147
53
4157
31
6589
31
2743
31
7018
31
8995
53
6989
53
1548
53
564
31
9348
53
460
31
16475
53
2088
53
4006
31
3068
53
322
31
5141
53
4415
31
1955
53
2566
53
14414
31
913
53
21502
31
4717
31
20777
53
3900
31
15750
53
5281
53
1171
31
943
31
6462
31
1417
31
509
31
1474
31
1245
53
338
31
1600
53
224
53
3400
31
131434
31
1810
31
3349
31
4145
31
345
53
2197
53
1532
53
4893
53
3277
53
3109
53
12551
31
1405
31
2437
53
4344
31
7432
31
4882
31
1160
31
17285
53
10121
53
5875
53
5171
53
163
31
2849
31
1675
53
4060
31
2511
31
184
53
2865
53
1141
31
12286
31
3484
31
1549
31
1465
31
2717
31
301
31
1265
31
3247
31
128
31
3216
31
4084
53
5698
31
9017
53
1322
53
1494
53
2969
53
383
31
1979
53
4445
53
956
31
2229
53
2700
53
5338
53
3153
53
2198
53
1243
53
109943
31
1624
53
720
53
217
31
1992
31
629
31
11001
31
8141
31
2122
31
485
31
6962
31
11268
31
9467
31
5538
53
928
53
4577
53
234
53
532
53
1057
53
2255
31
3322
53
3854
31
13086
31
2219
31
509
31
3728
53
2539
31
1564
31
16154
53
3597
53
28271
31
3670
53
325
31
1510
31
1821
53
5144
31
1662
31
2337
53
11057
31
12534
31
4286
53
290
53
9187
53
768
31
3939
53
3834
31
4255
53
71
53
4418
53
5665
31
8653
53
2801
31
1771
53
831
31
3688
31
3056
53
4366
53
1959
53
784
31
6310
31
490
53
28499
53
845
31
4077
53
7444
53
77724
31
6143
53
5889
31
3440
31
250
53
1082
53
3739
53
4161
31
9835
53
3519
31
1481
53
3945
31
1342
31
1391
31
2180
53
1440
53
5665
53
2200
53
3740
31
1228
53
3499
53
993
53
4194
31
5009
53
2814
53
3756
53
1624
31
5920
53
1343
31
4191
31
2672
31
193
31
61
31
905
31
277
31
4290
31
2611
31
11448
53
6657
31
178
53
889
53
2289
53
2827
53
3388
31
201
53
1024
53
4299
31
6952
31
1682
31
6152
31
2565
53
1287
31
745
53
237
53
3334
31
2233
53
972
53
791
53
1014
31
3371
31
5102
53
4635
31
155
53
11389
31
2952
31
8010
53
4789
31
2992
31
942
53
3035
31
1814
53
2311
53
2882
31
1674
31
1943
31
3303
31
3591
53
6226
31
441
31
3503
31
11211
31
5492
31
5167
53
25099
53
2466
53
5688
53
1522
53
576
53
2769
31
2550
53
5017
31
1313
31
2089
31
1694
53
4772
53
4189
53
1879
53
216
53
6578
31
11878
31
7758
31
1584
53
2156
31
6165
53
4805
53
4148
31
868
31
323
53
135
31
532
31
1301
53
1578
31
140
53
1838
31
466
53
7671
31
1953
53
6194
53
1683
31
1420
53
2662
31
2394
53
2428
53
30131
53
1084
31
651
53
1702
31
1082
53
10821
31
1190
53
180
53
1095
53
573
53
286
31
7337
31
1596
53
11831
31
95
53
4055
53
5734
53
3073
53
980
53
312
31
205
53
2900
31
3221
31
905
31
3079
53
2098
31
1061
53
1032
31
7382
53
3308
53
4837
53
2286
31
6718
53
694
53
3391
53
2144
31
2957
53
498
31
1624
53
1099
53
18370
53
4704
53
458
53
5467
31
1470
31
4868
53
202
31
3591
53
638
31
4928
31
2299
31
1813
31
31621
31
10763
31
1231
53
3037
53
1222
31
1898
53
1666
53
4864
53
1013
53
2121
31
5469
31
662
53
2866
53
1492
31
1647
31
4285
53
2312
31
750
31
10780
53
3625
31
9822
31
120
53
5160
31
1556
31
3701
31
4501
31
1061
31
1416
53
3581
31
3346
31
2589
53
3190
53
3613
31
5136
53
6909
53
8994
31
1989
53
3110
31
436
31
1272
31
2079
31
1161
53
12501
31
20648
31
5508
53
3229
53
44947
53
2842
31
4192
31
155
31
1335
31
1358
53
869
31
1987
53
5499
53
2022
53
433
53
20277
53
1500
31
6349
53
6564
53
133
53
201
31
2320
53
118
53
3646
53
779
53
60
53
3680
31
50349
31
2689
53
2328
31
182
53
804
31
6356
31
7183
53
3786
31
800
53
768
53
883
31
2481
53
129
31
1229
53
770
53
1588
53
5226
31
2434
53
4059
53
3715
31
1427
53
2908
31
782
53
3429
31
1694
53
11567
53
3150
31
3564
31
4071
31
1982
31
2331
53
427
31
2962
31
1140
31
1629
31
9015
53
5550
31
245
31
1027
53
1186
31
2587
53
12241
53
1344
31
1526
53
2281
31
5762
31
4702
53
242
31
1025
31
31905
53
217
53
1670
53
1017
31
922
53
615
53
1384
53
3400
53
2736
31
4414
31
12042
53
2823
31
382
53
4091
53
6298
53
4352
31
3412
53
1882
53
8053
53
1860
31
4996
53
2030
53
4629
53
6425
53
2740
31
2648
53
10133
31
4249
31
1708
31
3815
53
6675
53
2453
53
1446
53
44111
31
6342
53
7451
53
2583
31
2708
53
312
53
540
53
3897
53
2242
53
715
53
5077
53
10317
31
2361
31
21305
31
295
53
497909
53
4719
53
2619
31
61
31
7915
31
5441
53
5735
53
1023
53
2745
53
2579
53
1451
53
608
31
4270
53
4879
31
5874
53
395
53
3834
53
942
31
4453
53
3220
31
2606
53
1799
53
1263
31
876
53
1545
31
4361
53
2476
53
548
31
1605
53
4491
31
8439
53
2429
31
453
53
1954
53
2142
53
6099
53
2628
31
1443
53
1215
31
230
53
472
31
6130
53
831
53
35133
53
6322
31
3386
53
811
31
1182
53
15157
53
144
53
10451
31
940
53
336
53
7886
31
6586
31
1251
53
6903
31
270
53
95
53
22206
31
3892
31
865
31
4424
53
2172
53
2877
53
6665
53
4676
31
21285
53
3902
53
706
31
2223
53
6541
53
6864
31
4164
31
3037
53
911
31
429
31
2338
53
2041
31
8447
31
419
53
7453
31
2064
31
4291
31
6644
31
2955
31
36094
31
620
31
10753
53
2294
53
2275
53
92
53
591
53
3138
31
3619
53
9222
53
1435
31
4797
31
18995
31
3746
53
1904
53
554
53
409
31
2397
31
586
31
5470
31
4717
53
644
31
2017
53
6605
31
1758
53
769
53
8959
31
166
31
806
53
1831
31
4185
53
3453
31
8238
31
2548
53
118
31
3600
53
4116
31
250
53
1853
53
330
31
456
31
8318
53
68
31
2951
31
294
31
858
31
9073
53
2012
53
1843
53
346
53
1268
31
2675
53
500
31
899
31
4404
31
11741
53
373
31
15572
53
4187
53
2053
53
2036
53
2181
31
21972
31
496
53
1201
31
2489
53
1805
31
7803
53
6512
53
3121
31
1070
53
6693
31
1532
31
3926
53
1130
31
2252
31
231
31
652
53
46013
31
18099
31
502
31
4418
53
553
31
3390
53
398
53
4222
53
13349
53
363
31
17685
31
1924
31
2611
31
4615
31
2876
31
3705
31
2940
31
202
53
10346
31
2389
53
2874
31
7785
31
515
53
2937
31
4392
53
829
53
2168
53
5665
31
3070
31
5711
31
2276
53
424
53
366
31
7711
53
12216
31
2752
53
16518
53
3567
53
439
53
1559
53
1338
53
397
31
11605
53
1400
31
56
31
2129
31
850
31
13044
53
3594
53
931
31
138
53
4020
31
7711
53
6108
31
13171
53
457
31
2608
31
3097
31
1064
53
3532
53
709
53
30532
53
1398
53
295
31
1621
53
5800
31
919
31
1100
31
4472
53
3834
31
874
31
13842
31
5667
53
3618
53
6444
31
993
31
5378
53
385
53
2015
31
904
31
4217
31
7047
53
1743
31
14376
53
3212
31
9471
53
2099
53
929
53
404
31
943
53
1789
31
4985
53
1737
53
1285
53
11519
31
1680
31
1148
31
26210
53
5276
31
1090
31
10572
31
1048
31
9891
31
8204
31
3211
53
17165
31
1860
31
1992
31
1601
53
2375
53
7463
31
1142
53
2341
31
5070
31
141
31
9474
53
2070
31
4718
53
429
53
4070
31
2315
31
15049
53
4907
31
1172
31
4225
31
164
53
3638
53
3351
31
837
31
6634
31
7768
31
582
31
6987
31
7079
31
360
53
221
53
5268
53
3963
53
11581
31
14778
31
541
53
1660
31
5095
31
5355
53
427
53
6398
53
5411
53
2533
53
2071
53
4387
53
375
31
7898
53
922
53
4431
53
2493
31
1598
31
1242
31
6463
53
4253
31
1620
31
1333
53
2584
53
681
31
21826
53
7766
31
12230
53
902
53
2277
31
1629
53
5998
53
5774
31
2841
53
616
53
2942
53
1088
53
2147
31
22951
53
3432
53
4367
53
4131
31
719
53
1885
53
305
31
2877
31
2808
31
2945
31
3517
31
1414
53
495
31
534
53
2227
31
1443
53
1166
53
1471
31
2399
31
3512
31
3254
31
8924
53
2660
31
8063
31
5008
31
9981
53
8993
31
7031
31
1230
31
1451
53
3085
31
6550
31
5520
53
346
31
1774
53
4834
53
2912
31
6016
53
1660
53
3560
31
363
31
2176
31
12307
53
4689
31
5882
31
4000
31
3930
31
4104
31
2262
31
432
31
882
31
2542
53
4581
53
3908
31
311
53
3147
31
28690
53
1625
31
2147
31
1695
53
2901
31
3569
31
1764
31
687
53
1266
31
97
31
559
53
8400
31
2213
53
4672
53
3497
53
8172
31
567
53
1539
53
61482
53
212
31
576
31
5683
53
6426
31
5626
31
3561
53
2614
31
14295
53
4837
53
2954
53
1945
53
6811
53
5417
53
5248
31
422
31
1440
31
357
53
1569
31
961
31
6240
31
3017
31
1932
31
1230
31
551
53
2867
31
27893
31
622
53
6459
31
485
31
1922
53
2585
53
2800
53
17325
31
124
53
5128
53
6626
53
11357
31
2797
53
1112
53
4651
53
1684
31
1160
31
5061
31
11218
53
2040
53
2739
31
961
31
4399
31
1162
53
18800
31
6062
53
785
31
3111
31
47
53
6387
53
2648
53
9070
53
1100
31
1951
31
1135
53
1295
31
14869
31
474
31
3273
31
1323
53
1690
53
1414
53
565
31
2489
31
5392
53
4606
53
5048
31
105
53
2132
53
4520
53
2327
31
13946
53
2936
53
5794
31
7824
53
3648
31
1497
31
2829
53
591
53
20631
31
5709
53
1636
53
1357
53
5985
53
1204
31
10458
53
28644
31
2165
31
1858
53
1021
31
1570
31
626
31
4739
53
1487
53
1050
53
1700
53
1644
53
3280
31
5167
31
5109
53
966
53
4234
53
16439
53
4527
53
3946
31
3097
31
2163
53
1064
31
3579
31
8977
31
5338
53
2309
31
355
53
16108
53
8079
53
854
53
4030
31
1782
31
3764
53
6909
53
399
31
15985
53
1488
31
4160
31
4132
53
2054
31
774
53
1021
31
1461
53
1510
31
7364
31
821
31
7647
53
9250
31
10157
31
4213
53
3942
31
1399
53
4578
53
4534
53
17197
31
2653
31
3512
53
2423
53
7461
53
17246
31
4904
53
5279
31
1992
31
1006
31
730
31
974
53
1982
53
409
31
9740
31
4302
53
4476
53
1832
53
3384
53
4985
53
298
53
1041
53
17884
53
2859
31
8867
53
552
53
24671
53
20361
31
2911
53
1561
53
250
31
4566
53
4892
53
3333
31
9976
31
3150
53
2131
31
695
53
3920
31
809
31
60
31
1653
53
1328
53
838
53
1498
53
1683
53
27646
53
363
53
7915
31
11891
53
19652
53
244
31
2974
31
2819
31
1621
53
8793
31
3590
53
1363
31
8312
53
18784
31
6508
53
2867
53
3800
53
411
53
1084
31
914
31
1984
53
284
53
3563
31
2144
53
4533
31
1884
31
73297
31
3047
53
2062
53
2545
31
5915
53
3603
31
978
53
2944
31
2233
53
6648
31
6824
53
12892
31
4982
31
1298
53
4792
31
2863
53
6785
53
4651
53
12720
53
2722
31
5235
31
1679
31
5317
53
8180
53
7064
53
654
53
3614
53
1229
53
70
31
5243
31
5481
31
992
31
3308
31
1256
31
16990
31
2440
31
3089
31
127
31
4197
53
4735
31
358
53
2857
31
18483
53
1168
53
3185
53
2965
53
19312
31
1966
31
1708
31
2603
53
2859
31
2472
53
5645
53
1710
31
13419
53
2896
31
220
53
1664
53
3270
53
3593
53
3656
31
5960
31
4726
53
3698
53
7908
53
2043
31
7047
53
1733
53
2251
53
2116
53
230
31
1685
31
6784
53
2299
53
2483
31
1280
53
2459
31
909
53
2850
31
4634
31
3253
53
5688
31
6379
31
3329
53
682
31
3523
31
2780
31
5499
31
2517
31
57439
31
1178
53
7232
31
14719
53
141
31
5789
53
102
31
1578
53
1677
31
3998
53
4777
31
286
31
2650
31
5708
53
1770
53
3781
31
796
31
2017
31
2037
53
2288
31
2533
31
6176
31
2048
31
4175
31
2959
31
2343
53
5033
53
4724
53
1286
53
5777
53
1222
31
3367
31
27034
31
2131
31
3932
53
7136
53
5367
31
1725
31
9255
31
5085
53
2551
31
5853
31
6639
31
931
31
2941
31
2029
31
1590
53
4277
53
4162
31
5085
31
1530
53
5734
53
152
53
2109
53
3841
53
575
53
1498
31
6249
53
2995
53
4299
31
24165
53
4319
53
2142
31
96008
53
13402
53
6756
31
2461
31
3918
31
3347
31
1506
31
2022
53
1054
53
25302
53
105243
31
3828
31
2172
53
4261
31
591
31
625
31
2296
53
4579
31
1347
53
4784
31
1404
53
2909
31
7095
53
2140
31
3772
53
291
53
2062
53
1531
31
5054
31
1224
31
2077
31
1567
53
1814
53
527
31
2356
31
334
31
3039
53
2249
53
6306
53
609
31
3114
53
6860
53
5022
53
3124
53
43865
53
1342
53
1814
31
492
31
3700
53
3698
31
4026
53
1124
31
5991
31
2259
53
1797
31
1502
53
805
53
4371
53
6407
31
1805
53
7193
53
3393
53
7856
31
875
31
5094
53
6466
31
4519
53
4548
31
1506
53
1042
31
196
31
6763
31
3269
31
8462
53
1904
31
20304
31
32132
53
17500
31
13383
31
5089
31
5353
53
11684
31
1004
53
3747
31
1689
31
4968
53
767
53
3427
31
762
53
759
31
763
31
482
31
2896
53
591
31
1250
53
4645
31
1872
31
10135
53
16835
31
6342
53
6901
53
63
31
941
31
7252
53
8919
53
4723
31
1003
31
2124
31
789
53
4540
53
2299
31
2277
53
2445
53
7514
31
1991
53
2009
53
2454
31
10271
53
1415
53
7380
31
5532
31
211
31
9378
31
5950
31
7512
31
1791
53
90
31
832
31
4626
53
3831
53
3263
53
4678
53
4484
53
6269
53
27956
31
55
31
3486
53
6778
31
398
53
4574
31
1810
53
831
53
7433
31
4239
31
3912
53
307
31
1638
31
636
53
1279
53
8276
31
630
53
3567
53
2387
31
3520
53
3517
31
2206
53
3811
53
78
53
5176
53
2616
53
11651
53
3233
31
2477
31
3799
31
5046
53
608
31
77333
31
14850
31
4782
31
3976
53
2142
53
857
53
1807
31
4719
31
10239
53
3608
53
5071
53
6043
31
34971
53
2653
53
667
53
125
31
5726
31
434
31
1438
53
17282
31
6221
31
2621
53
7159
53
5750
53
4534
31
3045
53
10607
53
1928
31
2915
53
1856
31
5070
53
4815
53
1646
31
648
31
636
31
2391
53
1824
53
1294
53
4734
31
4519
31
5337
31
3983
53
767
31
1586
31
3456
31
89
31
4049
31
1106
53
21292
53
207646
31
1724
31
4222
31
3126
31
3962
31
23437
53
145
53
1971
31
6805
53
4742
53
5483
53
497
31
2726
53
3436
53
5030
53
396
53
12099
31
3727
31
2395
31
1307
31
769
53
5047
53
1522
53
6993
53
6875
53
2908
31
2967
31
6612
53
19315
31
1416
31
4597
31
910
31
680
53
510
53
4592
31
2813
31
3105
53
6921
31
5123
31
52417
53
2735
31
6657
53
502
31
8114
53
3135
53
23194
53
1014
31
534
31
2561
53
5466
31
2295
31
3797
53
823
31
1828
53
10109
53
7404
31
3010
53
10264
53
2282
31
600
53
1170
31
2912
31
414
31
460
31
2807
53
2084
53
5141
53
2321
31
34532
31
1655
31
1373
53
2247
53
2489
53
3573
31
2953
53
514
53
413
53
4657
31
186
53
2887
53
9293
31
3859
31
1893
31
920
31
2551
31
359
31
6294
31
2303
31
246
53
5024
31
4120
53
116
31
1116
53
4988
53
1007
53
1878
53
3505
31
4613
53
325
53
2410
53
6753
53
5984
31
7411
31
3591
31
3284
53
928
31
5197
53
799
53
695
31
4587
53
2583
31
759
53
2677
31
4388
53
449
53
18937
53
1975
31
1717
31
1151
53
1428
53
199
31
1335
53
7751
31
1510
31
934
53
5562
53
1737
31
2472
53
6349
53
2208
31
53872
31
1901
31
1438
53
3127
31
9310
53
5086
53
3324
53
8287
53
9664
31
4738
53
441
31
2096
31
6927
53
4078
53
211
31
4478
53
4501
31
2477
53
1467
31
2662
31
1007
53
2683
31
4051
31
2846
31
2792
31
3701
53
3184
31
4538
31
2568
31
4864
53
5694
53
2985
53
3985
53
822
53
3145
31
4684
53
2229
31
3202
53
4497
31
6601
53
4530
31
1936
31
581
53
57
53
4328
53
408
31
471
53
552
31
8630
31
2210
53
565
31
1555
31
1761
31
693
31
446
31
7609
31
8626
31
3994
31
362
53
2108
31
2187
53
6475
31
1348
53
2370
53
2699
53
5776
31
1734
31
1243
53
1668
31
794
31
2672
31
714
53
1180
53
756
53
5347
53
4872
31
696
31
958
53
6893
31
1676
31
4330
31
551
53
160
53
4187
53
853
53
4759
31
811
31
1560
53
7750
53
185
31
873
53
3849
53
1091
53
982
53
7981
53
8124
31
7072
31
866
53
400
53
520
53
908
53
14942
53
2887
53
859
31
10214
31
3839
53
15580
31
41226
31
12361
31
5105
31
4259
31
2106
53
700
53
6341
53
1648
31
3114
31
1564
53
6600
31
1528
31
2605
31
4205
53
5605
53
4055
31
914
31
4661
53
216
31
645
53
3280
53
1099
31
3390
31
9334
53
2413
53
361
53
2726
53
2230
31
2356
53
2941
53
632
53
19357
53
474
53
856
31
6395
31
2859
31
1811
31
510
53
908
31
217
31
14196
53
5146
53
3697
53
1869
31
1979
53
3236
53
3666
53
6015
53
3998
53
761
31
2354
31
1827
31
145
31
125
31
1067
31
271
31
2191
31
2462
53
173
53
5958
53
1425
53
2458
53
7628
31
23035
53
919
31
1080
31
3807
53
5592
31
4717
53
3388
53
2247
53
672
53
4835
53
4693
53
4010
31
6774
53
12475
53
4253
31
352
53
4399
53
2262
31
203
31
4689
31
1712
31
2033
31
3820
53
697
53
6572
31
7804
53
1315
53
1091
31
2123
53
8613
53
713
53
2787
53
5671
53
2566
31
229
31
2269
53
1248
53
137
31
1072
31
9186
53
7673
31
5918
53
2033
31
1862
31
4343
31
1071
53
12600
31
3071
31
4307
53
288
53
4282
31
3841
31
2690
53
21331
53
30039
53
2043
31
1014
31
3221
53
10628
53
3268
53
2226
31
3151
53
7166
53
4122
53
2809
31
2421
31
9420
31
502
53
600
31
15398
31
4429
31
17732
53
4777
31
1623
31
15190
31
2476
53
11001
53
1763
53
1496
31
2247
53
4621
31
575
53
26199
53
88
31
823
53
2601
53
1469
31
6367
31
3925
53
6034
53
4730
53
6960
53
7046
31
2968
31
3007
31
1396
31
1591
53
846
31
5537
53
2065
31
1704
31
766
31
6584
31
872
31
2201
31
3229
31
16298
53
3340
53
5079
31
3757
31
4149
31
6133
53
8097
31
106
31
1138
53
3567
53
4424
53
4497
31
1878
53
1834
31
3390
31
3703
31
1787
31
3035
31
4398
53
2382
53
12757
53
4623
31
15063
31
3603
31
7232
53
752
31
3378
53
8096
53
547
31
18587
31
5479
31
1848
53
4067
53
655
53
2439
31
2398
53
6280
31
2062
31
1751
53
4161
31
870
31
2522
53
814
53
3151
53
1952
53
4425
31
1719
31
1859
53
4512
53
3935
53
3984
31
6502
31
4543
31
1202
53
370
31
483
53
2028
31
4534
31
3153
31
2913
31
2403
31
2958
53
1913
31
2804
53
2441
31
5628
53
4606
31
670
31
1852
31
7221
31
946
53
2944
31
1619
31
4051
53
2477
53
5210
53
2288
31
5762
53
753
31
1734
53
6074
53
1118
31
5087
31
5182
53
2877
53
2513
31
2535
53
5231
31
2225
31
9012
53
4542
53
2539
31
6412
53
714
31
12290
53
5181
31
750
31
650
53
1662
53
5367
31
4279
53
2227
31
2434
31
818
53
1063
31
87684
31
1579
53
3232
53
2947
31
1963
53
1179
53
2045
31
3860
53
8069
31
7674
53
1333
53
2021
31
22054
31
2596
31
5663
31
1904
31
509
31
1292
31
602
53
1699
31
9720
53
3492
53
1796
31
212
31
2392
31
1421
53
4829
53
6991
31
313
53
5379
31
163
53
17952
53
5350
53
263
31
1034
31
3390
31
2852
53
2551
53
10332
31
5352
53
19791
53
4010
53
1381
31
5955
31
5709
31
673
31
1940
31
665
53
427
53
2552
53
1979
53
15754
53
3897
53
490
31
1666
31
4660
53
3626
53
335
31
4362
53
3083
53
1999
53
1175
53
133
53
4012
31
264
31
1525
31
1706
53
918
53
3496
31
1426
31
357
53
104
31
4297
31
1215
31
5551
31
10902
31
459
53
3595
53
3286
31
32292
53
1992
31
800
31
1203
53
1372
53
1454
31
4007
31
13648
31
10753
31
3884
53
2877
53
3397
53
4334
31
627
53
92
53
9989
31
16810
53
2196
31
5554
53
314
31
10220
31
3195
31
522
31
2817
53
2657
53
1238
31
3103
31
2479
53
9476
31
3054
31
7165
53
7098
53
17647
53
1676
53
756
53
3098
53
577
31
1101
53
6012
53
10500
31
94
31
4986
53
4063
31
3087
31
1295
31
9032
53
3101
31
112
31
7042
53
3382
53
4562
53
4875
53
1600
53
4048
53
374
31
514
31
12973
31
1003
31
1206
31
24285
31
8929
31
10773
31
2697
31
3094
31
1851
53
3129
53
2690
31
3958
31
102
53
2347
53
3556
53
308
31
388
31
3610
31
170
53
4840
53
2875
31
230
31
1107
31
8095
31
7129
31
4225
31
565
53
2303
31
3977
53
2383
53
11255
31
524
53
927
31
1420
53
2300
31
5789
31
8602
53
3328
53
4286
31
1702
31
14914
53
1932
31
291
31
969
53
596
53
3215
53
2504
31
1624
53
1471
31
3260
31
7400
31
3781
31
620
31
2111
31
1856
31
7129
53
2845
53
3449
53
2520
31
22853
31
2362
53
4576
31
110
31
3083
31
2978
31
3772
53
2928
53
453
53
518
53
889
53
3146
53
1707
31
2802
53
11742
53
24486
31
210
53
2892
31
723
53
496
53
3948
31
1145
53
5792
31
6088
31
4491
53
6578
53
985
31
5080
31
408
31
5842
53
1915
53
4583
53
1216
31
4486
31
383
53
7566
53
3940
53
9839
31
672
31
2885
53
861
31
360
53
5053
31
12784
31
32701
31
20650
31
8356
31
4391
53
151
53
141
31
4785
31
14229
31
4127
31
4597
53
9794
31
1385
53
1654
31
3393
31
2762
31
1463
31
5105
31
837
31
1807
31
2383
31
330
53
1707
53
955
31
1136
53
1971
31
5514
31
98
53
1385
53
2223
53
5132
53
5607
31
3039
53
1799
53
4431
53
1263
53
2136
53
6505
53
2783
31
1196
53
5284
53
4118
53
300
53
161
31
87
31
2475
31
539
53
85
53
8505
53
12510
31
1670
53
1008
53
4836
31
4397
31
447
53
1051
53
1971
31
1307
31
279
31
7780
53
1044
53
6562
31
2998
31
7132
53
477
31
58607
31
5516
53
493
53
2949
53
3439
53
3669
31
963
31
1605
53
5218
53
4697
31
762
31
3729
31
1362
31
410
31
14383
31
4841
31
1760
31
2683
31
1187
53
243
31
379
31
3075
53
3776
53
5058
53
23081
53
281
53
1205
53
1559
31
4295
31
2520
31
3031
31
10544
31
1991
31
829
53
5223
53
3082
31
2225
53
2078
31
4109
53
124
31
1096
31
1189
31
3328
31
8286
53
5037
31
2370
53
3339
53
3129
53
6737
53
4052
31
594
31
1219
31
2616
31
3463
53
1534
31
3393
31
2736
53
1257
31
788
53
23143
31
1223
53
2645
53
3088
31
14327
53
8142
53
488
31
1548
31
701
31
3167
53
2645
53
6307
53
2814
31
3374
31
7964
53
2532
31
1714
53
4805
53
1380
53
1042
53
9438
53
3156
31
2543
53
6722
31
67
53
4139
53
862
31
10367
53
2827
53
33
31
4203
31
2947
53
3502
31
2257
31
6320
31
1638
53
578
31
1439
53
784
53
16006
53
1253
53
2187
31
1282
31
4517
31
153
53
1499
31
7095
31
978
53
200
53
3363
53
632
53
3585
53
4782
53
12762
53
13369
31
5213
53
604
53
1250
53
14605
53
3810
31
2158
31
22767
31
5004
31
1443
31
1378
53
1926
53
1328
53
7759
53
3136
53
1921
31
3318
31
69
53
1540
53
3059
53
4362
31
2592
53
743
31
11340
31
3098
53
2438
53
9123
31
367
31
4703
53
3408
53
2241
53
3963
53
4344
53
3600
31
748
53
6702
53
3141
31
2521
53
246
53
4101
31
3573
31
869
31
4763
53
2703
53
2135
31
1047
53
26955
53
1853
31
1592
53
588
53
2549
53
12315
53
64109
53
11218
31
3921
31
4661
53
2888
53
953
53
3926
31
2223
53
2998
53
694
53
18080
53
5420
31
616
31
1700
31
913
53
670
31
3683
53
755
53
159
31
3804
53
4048
53
1295
31
906
53
1564
31
4120
31
1061
53
1547
53
1626
31
646
53
2237
53
104
53
9084
31
18670
31
6758
53
1560
53
5278
31
1472
31
499
53
511
31
21456
31
6885
31
4568
31
951
31
2350
53
98
31
8025
53
548
31
2918
31
1913
31
2905
31
5192
53
7138
31
21517
31
1656
53
2119
31
2740
53
719
31
2352
31
3631
31
1272
31
1613
53
7610
31
12304
53
2681
53
1067
53
3019
53
415
53
1757
31
4124
31
3754
31
5467
53
1887
53
3601
53
1883
53
433
31
9284
53
3871
31
1816
53
3385
31
5548
31
968
31
6913
31
2026
31
9037
53
4892
31
936
31
6843
53
9249
31
4875
53
922
53
2859
31
9873
53
1589
31
2505
53
1846
53
4205
53
628
53
5479
53
18923
31
2804
53
203
31
1686
53
5213
53
719
31
4717
31
2872
53
1845
31
153
53
4638
31
229
53
5694
31
241
53
6154
53
1105
31
2438
53
13059
53
11438
31
945
53
6074
53
1462
53
9244
53
882
53
23668
53
4294
53
3817
53
4588
31
1650
53
2236
31
184
53
12560
31
4273
31
2437
53
1735
53
812
31
826
53
14554
53
136
31
6062
53
1146
53
418
31
1901
31
6160
31
3371
31
1831
53
1829
53
552
53
3778
31
8096
31
7360
53
1991
53
9958
31
713
53
2170
31
2704
53
174
31
10051
53
3559
31
270
31
208
53
5941
31
1713
31
2054
31
1631
31
1796
53
1241
53
2155
53
44654
53
734
31
3488
53
2625
53
6068
31
1203
31
743
53
3004
53
1885
53
174
31
3833
53
1881
53
2946
31
1017
53
5042
53
1064
53
4518
53
3612
53
1941
31
19093
31
1813
31
1705
31
12861
53
831
53
14179
31
3022
31
2837
53
598
53
69
53
1874
53
3895
53
3949
31
5024
31
1480
31
4364
53
509
53
3110
53
1346
53
5866
31
3141
53
2558
53
1769
31
3247
31
3432
53
4616
31
3903
31
3339
53
1056
31
380
53
1908
53
2652
31
2157
53
2640
53
7704
53
3836
53
5737
31
7698
53
2372
53
4191
31
1926
31
1344
31
4187
53
2055
31
269
31
47
31
18791
31
293
31
5583
31
1598
31
3395
53
17880
53
22969
31
9201
31
938
31
2331
53
3582
53
5591
31
178
53
876
53
2022
31
1220
31
288
53
2437
53
5930
53
20421
31
2410
31
4266
31
4459
53
2657
53
1763
31
6070
53
734
31
9974
53
2846
31
1007
53
4194
31
16305
53
1086
53
274
31
8220
53
1831
31
1270
53
4047
53
2278
31
6898
31
2184
53
4018
53
2250
31
1671
53
5122
31
2629
31
2879
53
1599
31
15875
31
1732
53
3169
31
417
31
3797
31
26826
31
3373
53
3759
31
318
31
27873
31
1535
53
3663
31
1027
53
3179
53
4328
53
4894
31
5732
31
4448
31
5593
31
934
53
3744
53
993
53
1761
53
20357
53
7474
53
4618
53
4108
53
6778
53
1767
53
6963
31
3017
31
2640
31
574
53
4757
31
4606
53
2386
53
8215
31
5670
53
4625
53
4060
31
4148
31
175
53
2359
31
8075
31
848
53
3925
53
1503
53
3047
53
2364
53
1456
53
4993
31
266
31
4769
31
321
31
671
53
4311
53
2832
53
1791
31
20330
53
4205
53
2006
31
2759
31
1985
31
9272
31
519
31
7296
53
4592
53
1476
53
4492
53
2272
53
998
31
2627
31
3455
31
2894
31
3261
31
5653
53
4524
31
3010
53
1309
53
4059
53
5088
53
7268
53
992
53
1608
31
2289
31
3277
31
2430
53
4632
31
4113
53
998
53
762
53
5245
53
3215
53
1072
53
3692
53
13420
53
382
31
4533
53
173
53
7974
53
4805
31
3473
53
2704
31
2546
31
1263
31
4493
31
5374
53
5345
53
3267
31
1751
31
9308
31
129
53
2879
31
5395
53
6921
53
1377
53
3053
53
1305
31
22133
53
2364
53
4577
53
32734
31
19448
53
881
31
6363
53
2546
53
73
53
2982
31
9680
53
5745
31
3009
31
1757
53
2947
53
217
31
3179
53
1690
31
1146
53
58
31
2062
53
18947
31
14639
53
1748
53
24696
31
2523
53
8025
31
3582
31
95
31
3958
53
6492
31
2719
31
9667
31
8135
31
1713
31
2154
53
639
31
1953
53
2931
53
3037
31
850
53
1709
53
4597
53
8326
31
990
53
2501
53
1625
31
3488
53
1533
31
5314
31
636
31
1969
53
1897
31
919
31
1354
53
32012
53
3582
53
93
31
7433
53
450
31
3024
31
7904
31
3131
53
3653
31
6189
53
3052
31
700
53
6137
53
8900
31
6177
53
955
53
1038
31
1159
53
8162
31
16206
31
8448
31
25953
53
4667
31
2817
53
4817
31
1426
53
1014
31
1108
53
5965
31
17061
53
996
31
1386
53
912
