
** SEARCH 1**
	 PATTERNS:[    53]
	 NOCCS = 1, OCCS =>
[-1191182308]
[-2046820340]
[-1979711471]
[-1962934251]
[-1946157035]
[-1929379819]
[-1912602603]
[-1895825387]
[-1291845611]
[-1258291179]
[-1241513963]
[-1174405099]
[-1140850667]
[-1107296235]
[-1090519019]
[-1073741803]
[-1056964587]
[-1040187371]
[-1023410155]
[-1006632939]
[-989855723]
[-973078507]
[-956301291]
[-939524075]
[-922746859]
[-905969643]
[-721420267]
[-704643051]
[-687865835]
[-671088619]
[-654311403]
[-637534187]
[-620756971]
[-603979755]
[-587202539]
[-570425323]
[-536870891]
[-520093675]
[-503316459]
[-436207595]