##numIdsPerPattern:         2
##numOfPatterns :     10000
1049
1043
554
3245
816
9280
755
3449
870
3185
679
3619
1029
1437
1086
3170
1008
5253
931
2268
1026
13913
585
4873
1012
3083
1007
2343
982
3393
679
5144
1031
4116
933
1104
877
2052
770
2641
745
6482
1028
4310
1045
3526
911
8661
944
19843
772
1929
901
5334
967
2963
1057
3456
1036
2290
787
12360
1033
3164
488
1455
944
1310
927
4217
1124
1599
636
1632
803
6227
1014
3348
832
10172
1083
3511
986
1323
955
3351
678
1665
1049
1532
962
15734
1098
2372
899
7940
839
3966
816
4924
679
3622
934
6168
849
1777
982
2535
1132
9639
1086
12885
865
3537
967
4556
970
1354
909
43011
1057
2012
1032
5273
581
20979
999
1358
943
1055
816
2500
1029
3221
807
1037
1178
1574
554
1717
949
8025
678
5532
816
45279
890
1812
1045
7831
1046
3389
839
4004
1092
1157
646
7821
937
3769
1129
4365
823
5971
981
3893
964
1787
931
9337
1026
4849
1021
2418
452
2870
941
3475
1092
1877
893
880
1125
3276
609
838
925
7355
944
9224
834
2307
849
4575
927
3267
1056
4899
798
11730
823
32571
870
8383
912
1677
912
11108
586
3127
1045
3900
1003
6865
814
5234
912
3270
934
4557
1057
1447
845
1658
1010
6605
893
2457
801
1527
804
8673
849
1179
629
3134
887
1596
636
4942
984
2542
697
1878
911
3662
678
4168
1008
2131
933
11299
1056
2036
801
3987
899
4725
909
1244
863
3821
994
3484
982
3043
804
3493
1012
4873
853
2339
399
27204
853
3084
1003
3350
781
2441
803
14753
1023
1701
931
2165
863
1135
964
5433
679
3357
969
1535
742
9105
679
2313
755
1112
1046
11491
832
1696
1025
1744
936
6528
925
3770
1155
6293
1031
1678
1132
2613
1094
3613
941
3357
982
2112
707
2876
1056
2624
954
3388
970
1922
899
1832
914
4304
604
4513
1027
4948
970
13906
878
1317
732
9403
1003
4081
586
3384
1071
3740
629
3211
816
11859
1027
8153
985
1391
1056
2418
745
2504
804
5562
878
1425
1025
7557
551
5022
934
1201
951
6576
786
1989
784
3506
675
1743
897
6034
845
3541
999
5364
636
3294
845
6483
954
2699
723
3118
1089
5950
616
19803
706
6485
959
1247
557
10865
1008
2182
753
3579
1035
3546
877
1991
952
3675
1045
2969
812
3638
901
1212
760
1645
1035
4373
585
5167
691
7833
835
4593
1048
5167
919
2348
1023
1070
974
1802
937
1741
1029
2318
1007
1093
1045
1078
581
12632
488
2014
653
1218
911
2460
706
3548
1090
2030
1023
8075
845
10460
586
2607
812
1074
999
2795
814
6146
1129
6914
965
5264
804
1586
814
6165
901
15457
927
6973
781
2458
992
5466
937
1121
586
2292
985
1870
1178
2584
908
1447
911
2844
944
3029
962
2288
794
3560
926
7106
974
2295
1025
1348
675
2295
791
1809
967
5291
931
5079
867
1701
992
2311
1023
5232
995
9324
1096
5500
697
2511
986
3641
845
9484
1114
3012
964
4340
832
6535
770
1513
851
2292
1040
13404
839
5220
732
3610
851
5552
1124
4616
1094
1908
1071
1870
1027
2641
948
1709
777
99251
672
2945
878
1169
1036
2254
835
1482
1124
14117
936
11942
909
6129
897
1527
1013
1553
1048
2019
867
10206
1012
1185
1071
3071
458
11971
452
6504
1096
10777
931
8077
785
712
723
4013
609
1952
732
3229
952
1320
770
15595
791
2030
942
1444
1057
7440
878
11776
1026
3884
1114
10141
972
1773
929
3026
934
12108
926
5559
814
1735
941
1700
551
9274
763
1230
1040
2960
899
2320
877
3897
1010
4270
987
561
753
2170
1032
3599
760
6245
398
886
488
7549
1036
2185
927
2177
786
2125
976
6666
1125
1107
1046
990
1003
837
878
850
958
2813
887
6983
911
1433
985
1566
752
2276
832
2823
845
2469
1048
55267
1033
3075
985
4603
672
6506
982
6846
835
5669
1099
15095
1033
9397
697
24539
1035
5815
675
3802
911
1960
887
3482
958
1878
672
846
755
5019
1028
3435
965
2658
1003
1832
887
19814
1061
6372
1035
3614
931
3676
1061
9108
803
4177
976
3402
1099
20657
1030
1561
1114
4062
984
4097
897
2257
1036
1422
1125
2733
804
1645
964
5234
870
4807
781
4306
816
3768
1045
2509
691
11287
901
1984
974
3840
1007
2664
745
2058
839
26245
1023
1381
849
2099
897
18106
629
6047
870
3942
999
5036
899
3604
911
18384
982
4285
772
2092
1014
2689
801
4874
1178
11670
839
2643
1046
2997
586
6593
976
7166
1057
5596
752
7398
1027
2819
452
1268
985
3380
755
2122
1053
24400
653
5531
653
3302
967
2404
1178
54000
1030
11735
787
2160
794
1276
1014
1921
1049
2422
1003
9847
772
12132
812
7182
1072
4421
925
3035
995
2721
985
12265
849
2628
897
1423
1083
5367
1014
1414
547
3095
834
2397
678
2876
1007
1440
804
6097
1025
14339
1026
2177
929
2982
707
2658
752
1088
752
3153
1083
5694
399
3661
760
1600
1089
12127
954
8803
763
2594
987
2606
554
1439
452
1076
1094
14545
586
5927
972
3002
958
3363
965
2157
1129
1231
934
22133
629
1410
1125
7751
745
4617
1003
4280
452
2639
697
3142
672
6635
1096
12939
933
6424
1150
2663
876
5608
678
2250
1053
1323
878
4537
933
2830
752
1788
937
10108
839
3767
755
2062
935
6674
1089
3434
791
2917
1114
1838
707
2844
723
1211
994
11685
672
3677
1129
1691
927
1326
1083
3922
653
2445
1030
5034
1036
3612
812
2507
955
4118
870
10985
1099
4556
399
3563
1025
3080
944
2192
954
1761
399
1277
1025
3404
1007
5989
867
1925
742
3089
1083
2699
678
18726
706
10851
1155
1111
865
2340
897
17754
994
11846
1056
2618
835
4060
675
4481
931
2936
1030
2933
986
85673
1132
31300
1029
21287
959
2256
981
3873
995
1888
1086
4512
944
2134
927
2631
1012
2906
1003
4142
865
4508
568
4661
992
6906
981
2616
1045
29085
732
3319
919
16072
697
10089
763
4636
791
30790
691
23328
835
12272
851
1588
785
10520
452
5153
551
8840
832
1369
955
14374
732
5134
636
1604
936
1371
934
3103
952
2932
609
14510
1036
4742
1072
9087
870
22623
1049
2585
1029
5218
1099
1270
1061
1069
697
5660
1046
2266
604
3502
1132
26568
1056
3813
784
3600
976
1962
955
1844
707
1298
578
1271
1061
8600
1029
5048
1040
4399
1033
4170
1059
2129
908
3211
801
3099
853
9297
1056
5344
967
38103
1045
11644
547
7853
1072
2157
870
18603
908
5460
1098
2713
914
7523
1021
4301
803
1723
770
10627
996
4642
807
2019
914
6655
851
8768
903
3366
867
1581
942
3991
784
14080
1016
3182
585
2297
1096
2166
999
12971
1035
2868
1031
2239
812
1633
803
3006
1008
3026
1053
3447
839
19071
911
23442
942
4024
1083
1067
1089
7765
944
2733
982
1817
679
18191
1036
1674
972
7443
760
3410
916
2594
1048
2474
912
1473
1010
28038
1056
1708
1092
3942
804
8103
672
2347
942
4332
962
2696
585
4406
1094
3421
1072
1503
679
4030
1053
2076
791
2903
1049
1369
964
6547
982
8128
646
8311
675
9782
967
5597
1129
3118
986
4597
967
1515
944
4616
887
1961
578
23381
1061
1480
777
2748
586
1556
919
5856
987
3868
849
10210
1083
3895
890
843
1114
1267
942
3197
970
2414
1061
2645
995
1267
987
1848
1053
3903
1036
7076
845
3480
1031
1366
1059
1009
1008
938
1090
1464
962
1260
1125
4738
1045
9011
1003
3177
839
14778
816
7513
835
2607
678
980
697
1727
929
6784
1007
7709
958
5096
653
2871
936
7912
675
3484
1023
1645
987
4130
1026
5930
1098
3992
1029
2703
636
14981
675
907
697
746
1059
2429
781
778
1086
1630
772
2396
1030
11656
823
4519
865
4345
791
13708
745
5958
943
3998
707
2289
1030
1814
1034
7220
609
3232
804
2272
763
4663
934
2468
586
1184
845
4644
951
1849
1036
17504
962
11647
1056
2550
1072
5675
976
3454
870
2481
1061
8910
986
4471
969
2946
1034
4110
760
15995
697
1093
962
6035
982
2602
1072
1802
1027
2578
770
2037
1155
3440
878
28768
962
2969
931
4120
777
2134
911
3169
958
4030
959
1587
1053
3506
1003
2639
865
2530
1092
2319
586
3437
1125
4313
1030
4411
962
3059
1032
5406
1132
9396
972
3890
1125
10983
1049
9636
964
1253
1094
6300
984
3687
930
2480
1040
4520
1027
2854
851
3612
706
6267
863
4664
752
1744
772
21563
1053
10158
732
4064
835
2742
958
4496
1010
1305
629
13221
798
3136
890
17797
845
10900
865
3343
832
1447
653
1588
943
5396
803
10200
982
2667
958
6426
1051
1305
899
4005
954
4282
604
2933
1025
4909
851
5067
999
1413
893
5085
772
6600
616
15530
1028
4995
609
2676
982
4040
930
2974
604
3096
982
1759
1049
4416
925
4805
930
2220
878
2403
1021
5700
937
1088
629
1771
697
15023
1045
10946
814
100303
1010
4622
964
2262
1096
1828
458
2769
616
5595
999
1996
919
5508
1057
2941
969
2456
1089
4321
578
1052
1036
7398
994
3715
985
13769
547
25384
1072
2636
890
4146
1083
2099
899
4806
942
4195
678
9761
804
2789
1012
4302
1071
8357
985
2804
914
13235
853
4335
1114
1908
999
2806
832
1111
955
2846
1178
2245
927
16017
995
6622
679
1127
925
3191
745
1744
865
21659
1072
2629
974
2416
925
10322
801
4969
944
4812
877
2587
1090
2622
914
1967
812
7390
943
6685
916
1986
578
2456
1129
888
752
3482
987
1070
1036
1726
955
5707
943
1643
927
2450
787
6656
867
29019
1092
2682
1028
1325
933
1542
863
2361
951
6607
976
1955
936
5539
912
4705
1129
2098
604
3051
1027
4611
942
1491
586
5658
1061
2680
951
2743
458
2088
1036
3350
785
1206
929
11552
877
8605
985
1479
1033
1515
999
20640
901
7828
585
22938
925
2575
1012
8655
941
2600
399
2792
987
3983
986
7279
604
3924
1056
8176
867
9224
678
9772
1003
3942
1132
2774
616
4454
1092
1292
877
3859
1025
6789
927
3631
679
3148
1003
5046
955
6335
706
796
691
1544
551
1572
707
2720
763
2524
1013
3075
452
2345
890
4114
581
14485
1071
3123
1023
9938
1023
5983
1034
13512
943
5357
1035
4518
890
659
919
5329
785
2881
786
5642
804
3165
763
5192
834
13785
1010
3479
1132
15808
770
5712
951
1401
1045
4267
1059
1604
897
2969
1046
1574
981
1462
581
2037
675
4281
679
3303
557
1670
948
4162
1071
2295
1021
945
814
2352
604
1517
834
4693
1132
11224
1178
5317
970
16754
986
2379
958
2788
1026
2013
581
3040
398
8180
1071
6722
547
7303
823
8246
1027
4965
568
5998
581
30224
970
1635
458
3151
893
10323
1071
1645
911
1143
931
4206
974
18712
672
2372
916
2438
1056
4776
955
4959
1072
1578
763
2013
554
60346
972
11544
876
14306
954
5453
604
3190
967
4757
753
2974
1150
9467
951
3313
581
2043
935
25634
804
2394
893
8022
777
5166
909
6085
781
2951
839
3060
1045
15983
934
1073
1007
2556
955
4782
1031
3525
1026
4010
557
4511
893
1942
1027
4749
791
2136
697
1166
878
3271
653
14156
877
2452
867
12967
785
2457
1124
5701
1032
5014
839
932
1059
3030
897
2776
925
4004
986
4211
951
5170
1057
12462
1098
2938
784
2264
1040
2050
1132
9009
784
3807
1045
9996
849
3254
609
10740
609
20355
1096
5008
616
2684
804
4169
834
13056
849
16918
547
2104
1027
17265
944
1807
646
3786
1031
7007
1036
4270
398
3957
1057
2413
941
3136
646
5479
865
1997
398
4409
1150
1562
578
2462
777
5850
1096
1964
962
4267
1096
1869
1029
4583
1008
7916
999
7063
933
1734
1029
5035
794
18326
955
34125
986
5735
984
6689
969
3539
964
3701
488
4754
1059
18287
798
4080
1040
4322
863
1108
970
3032
935
5983
568
2580
959
14041
890
2576
399
1724
803
10057
958
1529
1029
3500
723
979
1045
1529
834
3209
926
4032
929
6482
985
2360
887
1039
1003
3380
1051
5288
1048
4759
916
1022
1178
6668
909
11343
707
1151
948
1207
986
2476
926
2735
958
5947
753
3397
877
1524
1014
2328
1027
1538
812
1103
944
9617
488
14843
970
2099
931
2387
948
4327
745
4433
1071
5718
1014
2740
839
3710
636
24422
899
3639
1048
9794
1003
34477
935
438
586
1474
452
5826
646
3933
1035
2369
554
10337
554
1869
1051
1465
839
8307
943
2414
937
5028
929
2005
909
1916
706
3388
1089
2204
547
10587
870
4037
1053
2022
399
10998
785
2683
943
13887
794
14197
547
8332
823
2626
1033
1706
609
5764
1114
6708
1034
3073
706
1462
636
4746
547
1763
629
4769
1059
1570
994
4074
679
1871
636
3104
488
2525
760
9468
1061
2762
672
5966
845
2415
1155
5120
760
1511
1030
5768
1008
9038
863
2587
839
5391
803
5645
1071
4286
996
2637
994
1400
1036
1699
849
1961
732
1282
804
2445
794
8197
1059
3909
1027
1172
770
6868
967
1281
1008
2595
755
6457
1036
91580
1040
1433
899
19607
1031
3148
985
749
1096
3072
911
2963
1014
43529
1083
1795
832
1282
1090
3785
987
17136
865
15616
616
3488
929
5864
835
3412
1124
2200
870
1259
458
9476
887
25386
1027
3813
1012
5668
986
4795
675
6098
1051
5307
707
1816
458
1175
636
1554
398
3502
458
4224
967
8584
1036
4648
1023
9664
974
5107
585
1695
1124
1224
678
4106
1057
19631
985
2297
804
5420
551
2443
832
4692
1124
25607
1016
9708
969
8447
934
4025
1098
8063
1125
3820
982
6506
691
2303
919
4605
801
4676
398
4657
653
10817
1027
2711
931
13008
1094
3876
458
2969
697
3095
952
2982
974
6533
1049
1947
742
3944
1150
4202
1071
11092
887
19149
1099
12187
672
1859
1061
1334
974
4024
1021
3957
1026
1435
972
1835
1051
6513
942
4056
1035
3774
803
3883
851
2132
1046
1482
996
1062
878
2659
903
6996
1032
1357
791
7554
458
8865
823
4255
986
1681
948
1135
987
5859
803
20548
1031
1558
970
1120
707
14641
964
2714
807
6174
1045
1320
1049
2998
1025
3160
944
5508
987
1990
691
5577
1025
6475
1089
3836
804
2760
1036
7512
887
3796
916
1653
1072
1540
1099
4797
948
8711
1008
4823
1086
5554
675
2960
893
2150
804
5439
877
3259
967
11895
969
3474
974
3317
1061
3459
870
4118
865
1375
745
9646
452
18369
985
5612
981
8117
955
2435
1028
128362
912
8244
557
7657
909
6263
784
11119
986
3482
853
2561
801
3883
763
1650
752
3796
851
1235
398
3476
812
22042
943
10276
807
1603
1090
2488
969
1838
794
4645
948
3439
1150
3247
914
2054
897
2884
742
3970
1053
2371
832
3790
706
2492
941
6988
955
2721
678
2689
770
11485
877
2199
1010
3727
1013
4670
1027
1965
1008
2350
936
6245
706
2035
568
5276
551
6327
1114
3010
1083
5953
949
1117
742
2228
586
21881
399
1803
1016
2530
986
5774
970
6805
958
9117
672
4742
948
3502
925
4388
899
6406
845
2548
865
1454
1028
2550
1083
5096
723
3312
787
10433
981
4412
1092
5626
1013
2631
1032
2585
1094
1041
929
2446
1092
5592
785
4421
964
11149
1046
3018
787
1686
958
1964
798
4496
616
3991
547
4046
803
3507
1049
5068
753
1851
784
77696
949
6251
1029
2855
935
3993
803
7311
742
3782
901
2689
897
8697
1089
2938
616
4136
763
5854
787
19258
1061
10437
941
2122
616
8289
1026
11910
1007
14058
691
1955
974
1065
1034
1196
636
11807
987
3495
1035
3327
1014
6731
1092
7912
636
1898
488
5355
1032
4499
732
3505
970
30709
801
2868
1056
4071
954
2765
865
880
458
1988
1014
4123
976
47440
899
10368
609
1661
890
1245
1155
5164
994
2510
901
1935
987
1500
965
4116
604
1292
1025
2039
839
1500
691
3426
908
1657
786
1199
723
2186
568
2575
1029
3925
899
5316
987
5681
568
4492
675
1920
629
1700
878
8102
781
1721
1012
3684
890
4126
925
3156
893
3402
777
5799
972
4529
1059
3652
935
13190
937
989
697
2244
732
12630
1155
4305
781
1672
1129
3200
636
3276
1072
4173
1007
3586
969
9254
845
2223
1132
1576
798
3466
893
3548
488
4106
798
3484
995
8214
554
2859
1007
7001
876
2751
1178
1867
893
1881
912
3505
777
4317
901
28692
999
2364
887
8722
936
4002
755
15724
919
4694
1040
1112
752
3507
1012
1055
755
1365
672
1743
899
3344
1045
3735
578
4130
972
4614
760
7490
832
2149
914
1507
1129
8270
1035
6906
985
3528
804
3519
629
1239
585
4155
982
8076
926
7314
1089
24460
1124
2903
1003
1386
901
1270
675
1141
1098
1183
742
3454
903
3547
935
3633
1028
6406
636
4129
1010
2840
672
6155
1096
6259
772
4187
1083
2024
1072
2686
1150
1389
929
5062
986
1637
935
3449
1150
16739
865
4878
933
2242
914
11102
935
5999
458
1688
1032
7298
930
6471
1016
1211
934
3321
814
15592
1013
10489
398
4448
1155
32394
867
2391
1051
7596
803
5162
772
3281
996
5744
865
2692
867
4161
835
1140
987
2791
636
2556
835
2505
926
2362
878
6441
568
2742
785
2895
958
3990
1023
5646
812
1748
760
2255
943
6138
1030
1284
853
2477
791
2883
1048
2892
1026
1222
1132
2219
954
2971
941
3811
1125
4577
1056
1474
954
1201
912
8018
1049
1916
1021
10183
1086
2594
742
2501
958
2012
760
3771
887
3085
1027
1359
914
16574
937
3039
1155
1214
1032
3265
784
12398
554
27224
581
1858
636
1442
901
1997
398
4307
1096
22284
679
3030
706
3529
865
3015
941
4645
901
2361
777
4704
987
19901
909
28877
887
2624
958
808
814
1617
1030
5235
1033
5378
927
1273
877
1108
798
1480
1090
2546
931
2213
816
1465
760
3318
798
4923
901
5144
897
2433
752
2618
878
3256
853
6138
903
2436
942
2207
949
1545
772
1601
755
3319
745
3139
1030
5948
1094
5104
899
6224
893
3976
986
3890
586
4004
488
5650
1027
2368
1033
1791
452
7784
801
3723
969
5005
1061
5503
1096
7118
919
1254
942
6921
959
1323
1026
3018
1124
2216
1057
1280
604
3749
752
1344
934
19595
929
5096
568
11409
969
17649
890
1737
935
4622
458
2971
839
1582
1048
1176
1086
16208
911
3699
760
2396
1094
3701
976
38018
745
3705
1031
659
1094
2581
554
1264
914
6291
967
1224
1030
1605
959
1269
834
1108
1030
16868
804
2914
554
1206
1008
35459
832
5144
812
1229
732
5694
919
4797
1096
7675
876
12120
760
8852
1007
4222
935
2151
935
3129
1083
3190
992
4663
547
13201
1094
1750
458
9979
899
3271
890
4488
679
50352
609
1495
955
1742
912
4845
1040
17693
679
3512
1033
2898
1124
9714
1114
8522
399
3449
1027
5326
839
24203
551
3343
948
1109
952
3329
1048
4498
1046
2662
755
1810
893
13973
1059
4681
865
12227
987
4094
1124
6234
985
7602
398
2516
609
956
1035
5908
1096
5698
1150
6508
1092
4030
994
3134
901
5295
964
4511
927
8911
926
1738
925
3183
1099
2024
1013
16126
616
2879
787
4946
1046
7853
707
11030
1026
5395
707
4870
865
7324
1028
4224
929
3117
987
11010
551
20523
976
4221
551
1921
909
1454
629
4421
803
2251
1013
1392
807
7788
1132
7483
452
888
803
1300
586
1196
1072
2041
985
1539
1129
4262
877
1387
901
3588
1014
21657
909
23449
1053
5812
994
776
1083
26600
755
3946
835
4720
927
5131
948
7817
863
8653
914
4010
962
3612
1150
1490
1029
2860
912
1802
986
1451
877
4115
832
3924
1048
3679
972
1004
914
4070
1028
4246
944
1502
609
1346
941
5030
823
12134
903
1248
1016
1728
823
8405
646
1199
1099
3890
878
28054
691
3812
1033
7024
954
1653
679
3990
876
3390
876
6298
949
1055
916
2787
458
975
949
3506
955
2857
1125
1371
814
15767
791
1516
1040
6980
935
2729
1049
3708
745
7753
1096
2094
1021
2749
1025
6634
742
5506
755
22082
887
2262
981
6021
1090
1629
581
5695
870
1548
784
1160
399
1641
1150
1793
1051
2944
899
2407
1023
3125
772
17640
1048
4175
732
6710
791
13991
999
1747
943
7892
760
2295
935
1313
1086
1171
1086
2277
675
4296
697
3472
653
5471
851
1303
760
3035
916
10119
816
11604
908
2481
954
6002
794
1888
1007
21635
609
5728
1096
7731
1025
5517
834
5433
1013
11425
937
5637
887
2865
1034
1790
942
5334
1035
1496
992
2573
814
1659
604
1503
995
1523
672
4586
995
1573
1036
1718
1049
2468
1028
3569
969
3890
1090
6634
1007
1278
742
1192
914
3515
1036
2691
955
19304
812
2031
1023
62500
1036
3188
636
1070
823
4297
925
36591
994
1080
1178
2206
772
11210
763
2716
609
2916
903
5699
996
1558
996
4121
1051
8891
616
3468
943
9372
865
5711
877
2279
995
1666
931
3267
752
2428
853
2986
948
6515
914
3244
581
3930
958
583
832
29722
706
989
853
6336
1040
7116
943
3846
999
3548
398
2579
1083
13614
646
2171
972
3245
732
4193
1032
1168
1114
5929
1089
1531
867
4605
1155
16607
814
2108
557
1373
845
2592
976
4053
903
8498
1030
5930
742
3359
752
2662
863
2923
1061
3990
1051
7200
742
1215
578
93348
1071
11032
1033
7836
781
5553
772
7173
1046
5930
931
2332
901
1862
1030
11456
982
19385
791
2538
755
1519
926
8076
959
12492
909
3798
812
2052
1012
2138
853
1991
999
2326
1098
3115
959
5411
672
2901
970
4848
849
1142
878
24817
903
1158
823
6929
948
4678
1029
12918
853
4323
1150
7322
934
3449
1048
3855
995
7489
1150
43112
851
12140
1028
2278
823
2856
863
1292
653
1514
1071
4567
636
746
995
7304
586
3230
974
11178
887
6012
972
2587
1003
3351
893
1343
1056
1568
752
1064
903
2945
935
42833
1013
4758
919
3151
742
4147
964
12691
452
2661
982
3024
816
1542
943
72713
930
10940
732
2549
1086
3833
616
28191
863
1235
1129
7237
1013
3516
787
5732
755
3758
1150
19260
962
6731
929
37967
1032
2246
1034
3167
853
850
1053
11849
1013
2419
944
12873
568
11380
1090
2801
1092
3277
890
2975
458
2682
1094
6692
955
4135
1132
2130
1021
2930
972
1298
903
1558
653
4186
742
9029
954
2969
1048
12550
691
9689
984
2354
1027
2735
568
5311
929
14881
851
7847
1048
10390
845
14469
1031
8096
1072
3177
1030
3054
877
70939
691
2030
974
2695
803
2734
814
1983
867
7997
974
4933
629
2380
1028
7874
1013
5611
646
8360
636
4912
1071
5237
1030
1415
653
2921
927
5636
675
4622
547
1136
781
3037
958
12659
995
1564
962
1909
1124
2680
899
2332
1028
2313
965
2252
1045
831
970
4362
839
5466
653
7296
877
3798
781
4137
911
3109
941
2944
1029
9290
948
771
954
6723
784
9042
967
3629
952
3037
999
3942
849
6390
1014
5023
706
29521
772
18934
976
1093
794
11625
931
1737
732
6851
893
2753
1178
4743
901
11059
964
1602
752
1368
629
4743
930
2775
679
28748
823
1222
636
2341
1125
2988
1071
1994
935
2015
804
31143
1056
11536
839
2795
969
1379
1010
2809
814
5576
994
1387
568
13463
948
6022
675
1649
791
9579
785
4225
954
1714
1089
6147
784
2070
672
3119
965
5352
909
5668
616
6302
941
2228
1125
32267
786
4428
1051
3055
488
2316
897
3340
1010
1795
1021
2645
609
2401
958
2445
1114
3934
969
3359
926
8572
557
2224
804
15593
763
2446
878
5513
777
1517
995
2573
927
4362
877
2474
1061
10539
1048
1134
1132
2867
853
1482
1045
23613
916
1718
763
1923
1071
7600
760
6660
937
11211
1096
7189
1003
3344
976
3612
1030
2016
1029
20335
986
2079
972
1222
1003
6373
1032
10055
1094
3701
636
1557
672
4344
962
3384
1178
3054
1098
2433
934
4116
934
9508
804
2199
1096
1929
807
1680
936
3357
1049
1593
803
1366
911
1205
803
5196
678
1898
1129
7360
672
4006
636
2153
1025
6050
899
8342
996
2826
929
12991
679
5591
930
2988
853
3506
786
2753
930
910
937
2134
1028
1981
1150
2594
901
3883
1014
3948
984
5695
772
1796
996
2358
832
3620
1083
3227
616
15120
803
3031
1098
16313
1096
14079
1023
5367
839
846
909
7844
785
1247
672
1769
870
19801
934
980
999
4084
1026
2294
1032
18444
697
1856
1016
7478
794
4253
781
1954
962
26990
785
1494
803
4921
914
14200
1051
2575
1029
2403
878
1519
753
2984
784
9215
919
25911
985
1209
1026
4539
745
1365
1114
3988
803
2244
794
1239
1027
3192
835
3450
919
4908
1114
21423
890
2277
629
5198
786
2341
1124
1266
581
3961
877
968
732
3200
488
7703
760
1230
1031
8062
1094
3506
488
10197
952
1720
1059
1503
801
1993
1036
3703
890
4160
878
1573
732
1581
1155
3803
1033
4948
1057
960
814
4681
878
2462
812
7292
1014
2409
897
9293
849
1378
777
1588
1124
2323
706
43254
981
4970
1090
17828
675
1531
962
2570
672
552
1089
1956
890
2654
1049
4346
586
3203
937
6703
1132
3357
706
1167
863
7880
927
8486
551
2847
745
3006
903
33924
609
3670
865
2063
1030
8143
1032
9689
801
2951
901
13031
1033
7847
1056
1262
672
4360
1094
3783
925
9139
877
5550
1061
4781
1049
5245
1045
1691
755
1586
585
9114
1025
3042
794
2380
557
2047
996
16753
399
1319
1007
35329
942
3596
952
2200
1040
2571
877
2699
853
1925
458
6062
1012
1103
934
2096
867
12622
1045
2752
616
2513
1132
11499
753
2126
992
1495
488
1823
834
4383
901
2249
936
4223
679
1210
786
6890
794
8012
926
7701
1008
10193
807
2035
678
4815
1025
6344
952
6987
926
10033
962
1556
845
2845
1155
10942
801
1346
845
1840
803
6027
937
4408
925
4573
1034
2465
937
3479
723
3512
919
2603
845
2478
814
4977
934
5467
554
1866
1132
5741
755
3858
1048
1194
1092
4449
1034
19006
1155
1778
911
1272
1012
2872
937
9418
967
3517
1086
3975
760
3871
723
1883
585
2225
753
7162
839
4011
547
3673
930
3406
954
22165
995
4053
937
1344
919
1357
458
3330
787
3539
636
4366
753
1957
1155
4420
1094
3728
994
3014
488
1339
949
4726
935
7902
551
1925
931
9525
814
1412
786
2673
959
1959
1059
1631
1014
3402
1053
13991
812
1311
1059
2977
935
4816
934
4308
1092
17141
398
2733
672
3561
707
1943
943
16231
745
4507
925
6110
1150
3780
951
10240
1099
3100
399
4305
981
9836
1083
3399
636
2745
551
5526
488
2241
908
1948
911
5934
967
7421
653
6653
742
2312
893
29608
458
7943
919
1224
581
2295
581
4417
845
3083
965
2226
1025
12980
890
13858
1012
27025
786
1100
697
3180
1032
5803
814
1164
772
2086
849
1747
1008
2020
1089
2551
732
12425
1007
4824
1132
17325
863
6354
604
5194
1028
17944
557
3251
1025
6398
1094
13970
987
5974
914
18147
1031
2186
981
2474
804
10964
1021
8886
1098
1958
942
4582
1014
3942
934
4123
1012
7140
926
1608
1034
5038
807
2364
914
25580
893
2288
1086
1253
586
1267
952
6976
948
1786
969
1137
804
1611
1129
5416
823
1553
916
4372
899
5132
984
1381
937
8076
926
2905
791
3316
812
19875
1096
4185
955
2894
845
12998
1034
1451
926
997
781
6405
982
2448
926
2504
929
4844
678
38216
987
5798
706
1885
1086
1073
547
4151
916
5663
952
8605
903
16434
781
1510
1048
1319
1053
1725
937
3128
926
10123
609
2727
1040
9844
1072
1463
974
4563
1025
3500
609
4368
870
2594
1045
10831
791
3311
804
5456
784
23472
1089
2746
691
12244
1051
7617
1027
5149
604
1002
984
1882
636
12208
581
1954
745
1160
675
2108
798
1503
908
18589
931
5130
834
1097
1057
23576
851
4519
835
17602
976
2073
954
7378
944
4935
1092
11747
834
2458
1029
4027
967
3690
931
1641
934
1456
1008
3303
804
4131
1072
3287
1013
14945
772
1106
804
1608
1032
1669
1051
6332
981
7846
1013
3164
1125
4378
867
1975
1124
4780
1016
1638
1003
6236
1040
4012
976
3334
1155
1594
1114
5886
1025
1735
823
39592
1013
2089
585
1362
585
2793
1099
6585
1099
898
982
838
488
48892
952
5368
801
6430
707
1556
1012
4068
954
2807
976
3823
1008
2960
897
3168
604
4007
1132
21746
1023
3257
877
23788
1023
7147
986
3432
772
2478
1032
1484
785
3308
887
3259
981
4319
949
4808
1014
7731
616
15928
781
1633
1016
2972
1132
18820
732
7977
653
3212
897
3163
1029
895
996
1951
835
9295
951
12652
925
830
959
2890
678
2285
786
4067
930
4540
1048
7375
867
6875
1003
1203
926
3074
1059
2500
985
2583
604
3581
568
4373
901
8013
1032
4916
551
2125
763
4741
1090
26014
955
1691
996
10106
851
1573
981
1011
908
1498
585
1550
1029
33485
1031
1715
976
43299
870
4325
1027
1109
942
2277
849
1621
853
5250
804
2748
784
2615
876
2176
853
7506
916
3697
985
7607
972
1775
1086
1391
1010
3448
839
2124
1032
14755
679
1610
890
8701
901
2747
1072
7467
951
1514
878
2670
398
7219
876
2347
870
11829
994
6545
1033
27514
1031
4318
912
4627
807
1391
970
2485
1036
3815
865
3234
1012
3518
954
4056
784
3919
937
3030
760
1219
1021
4838
849
1375
929
1941
816
3962
752
4453
1129
2237
948
1806
878
3127
893
23977
927
1015
629
2590
952
4822
1071
4000
914
2457
955
2201
609
1762
787
2132
1010
3184
877
3756
398
3544
1034
10117
999
1112
732
1412
609
5009
899
1340
897
3128
845
37039
984
3586
452
4614
691
8697
760
2209
934
6420
967
22935
1021
2357
835
2392
1046
3415
878
2223
763
895
752
6930
794
4771
955
5381
578
1614
995
9890
781
2401
849
5298
1028
3050
931
3841
399
2974
1098
2959
609
7414
770
1979
816
3401
629
1617
753
2021
899
4318
958
561
1061
1690
616
5397
996
3278
949
6951
964
3870
877
2822
1059
7943
849
10661
901
10599
794
1398
814
22262
1014
1183
1072
2142
964
3125
707
932
870
2353
585
1039
877
1746
981
2558
839
5746
816
843
901
4732
931
2786
1090
1427
845
10928
925
713
585
1020
893
1118
942
5293
954
2817
853
1810
984
1572
1028
1840
937
7529
1132
4582
981
3100
629
3101
814
3926
1007
4301
770
2440
1132
1744
996
7100
965
2453
1086
8036
1089
8029
931
2805
557
7984
967
1831
951
4060
814
1986
763
2125
1072
3142
1086
6402
772
1885
1036
21776
585
1088
1132
2859
835
806
578
796
930
3325
1014
2450
1114
5427
554
2162
930
6586
452
2370
937
1891
1046
2463
1045
5512
976
953
937
6613
981
4040
929
1548
1030
21128
839
6559
1150
4195
1021
1368
646
6212
1031
3898
1035
3612
996
1138
901
1899
870
4549
901
3959
987
1858
916
4961
706
973
942
2409
1129
4420
1040
3816
976
6600
987
4551
616
9866
958
13031
798
1418
877
2772
944
8191
653
10186
992
5918
987
1299
1072
837
1099
1645
909
1329
807
2909
863
6062
1089
8789
1012
2771
995
2962
675
4690
1012
10311
965
3541
723
3241
723
2020
985
6886
970
2057
1132
2036
798
9904
1003
3872
791
1525
870
24794
1025
1828
1089
4177
1129
9850
679
1117
1029
2024
794
1974
1089
4070
1031
11971
1090
2361
557
2059
568
1595
1092
1977
1056
1165
981
1285
972
2049
1040
5254
967
3424
1035
16070
1086
3851
823
9116
849
8849
581
98929
845
5607
557
1752
568
3263
752
11004
753
4423
452
2518
791
7224
897
1325
1049
3381
994
5834
970
4549
1061
13483
1029
14347
987
5305
834
13230
1086
5734
1033
1106
1031
2765
936
16124
1053
1700
781
2136
609
1984
816
1379
675
2737
586
3592
986
7930
812
3968
954
1439
1045
2252
962
9851
753
42556
672
2445
996
1485
554
9126
1025
4614
812
8593
970
1156
616
10278
1040
4754
839
5013
893
6716
1089
3256
933
3908
1098
2619
962
2418
954
3321
785
3022
974
2877
609
9652
927
3992
801
4255
1132
3163
1178
1265
1012
7243
629
7988
925
5831
903
2499
951
1866
949
3773
1083
3496
958
15199
581
11903
1125
6211
616
3256
937
10123
578
4943
944
4196
916
3266
1036
7374
912
3958
814
6685
995
1475
791
15356
994
26603
903
4270
1086
9689
933
2978
916
4090
1094
960
1008
3934
763
15326
794
3292
568
13447
897
1888
568
1643
912
4137
1178
2144
981
3451
899
2540
878
4127
653
3317
995
10124
992
10202
1094
1591
863
1918
1033
4785
1096
4399
982
1978
982
1811
965
2272
954
2478
803
14969
1014
2162
770
2026
949
7295
863
2588
803
1955
1098
1958
581
2336
581
3781
845
3180
770
39699
933
5732
914
3190
798
5506
1016
1837
678
6510
1026
2743
1099
5381
981
1241
937
10673
954
5938
1092
3090
672
7216
1086
1242
865
2857
568
2826
646
10843
1035
8562
675
3269
791
13908
955
8150
1034
32324
897
4063
1072
1643
944
1480
1051
1452
399
2787
585
1299
951
10130
996
2341
679
6191
974
2326
929
3190
697
1250
1045
4807
887
2196
586
23210
578
50409
853
1369
787
2476
1013
2969
893
3126
804
2988
760
2039
1026
18632
604
20451
803
4862
1007
1198
1013
5995
786
3329
944
7359
1086
6466
984
4700
609
4451
951
1275
1150
1255
919
4345
755
22170
933
3027
807
5785
1049
2298
959
5655
1008
2512
952
4404
893
3846
1049
2120
931
3520
646
3210
1086
1431
629
4370
1071
1298
777
2876
936
3978
954
1022
798
1019
1114
6062
941
6927
955
973
934
2829
899
10403
958
4242
984
3467
804
10200
1092
6019
812
1241
976
7920
1178
749
679
4213
899
1024
954
1633
992
2688
903
9091
845
4435
999
3234
1083
18618
955
7725
707
4702
1030
9378
753
8789
933
5999
965
1198
1040
15490
999
7912
949
1338
1096
20370
398
2416
1051
1179
897
1718
1036
2286
452
13469
646
1416
887
2548
804
6332
893
12171
919
4435
941
22399
814
4745
911
18067
1027
3325
554
1963
672
3107
804
3388
804
1854
934
2106
1028
2333
636
8158
672
1620
987
1160
1061
2229
1124
1097
1056
4574
1053
3546
777
1618
916
5523
557
1994
982
3104
763
1947
985
2974
967
2014
488
1961
914
8829
964
4045
1049
3104
863
7010
964
1534
801
1574
1132
1005
839
2860
1016
36492
578
3007
935
6462
959
3902
458
1410
1178
5350
903
3696
996
51055
760
46763
893
4051
981
14327
488
2108
1010
4763
723
9121
1178
2347
1035
1408
969
1009
914
1571
1028
2073
890
2795
832
12881
984
2242
944
7702
784
1896
863
1000
962
7171
972
2407
777
5679
964
2132
803
8228
851
18859
1008
4376
1046
1139
927
2680
760
10897
1040
18316
1089
1698
732
2297
1129
1268
1045
4294
755
3270
951
4453
1090
2769
845
1460
557
2253
770
5235
877
3912
964
2834
551
3811
1046
2746
551
2309
1034
2968
1026
21463
955
5377
930
1819
616
966
919
1690
1057
12396
1021
1447
948
7019
1021
17728
942
2854
786
10521
1025
2770
1129
1557
834
2016
942
3658
807
1342
399
3456
835
3836
803
11303
752
17698
1096
2399
943
2355
951
1508
1129
2055
839
2187
772
6191
823
2391
646
6625
1061
1959
934
2145
890
14580
890
3276
1155
3068
952
3228
581
1145
1034
4376
954
13541
1056
1611
948
1264
1027
3477
785
2221
893
8991
1071
7778
876
2335
1012
4235
1155
1819
653
1287
835
4186
912
7481
753
1928
964
6457
935
7383
1036
4595
585
2445
755
121834
909
34158
955
43128
691
3087
803
30658
959
561
955
7226
1094
2143
798
5683
488
5762
1099
5279
870
4563
1086
1447
707
12386
752
3167
1083
5306
911
1482
1033
1447
941
2428
908
5253
987
5779
1089
7499
823
1678
903
1485
851
30329
1071
7371
697
4742
1012
3203
930
6511
984
2978
936
4589
786
1495
1092
6750
653
5626
1124
4056
949
2391
982
2172
679
7320
557
4658
1178
2784
742
1817
585
7571
675
13384
707
18449
691
7607
865
16635
1129
1349
1026
2561
629
4385
958
2904
398
2715
942
3641
965
2446
962
1221
890
24742
1059
19929
784
5865
1029
2450
787
3000
755
5992
876
1415
1178
1484
964
3197
672
3526
772
1428
996
7856
707
1288
1028
1246
1003
5195
911
4597
1071
2373
996
829
753
7570
987
3742
458
1185
745
1336
1059
1528
1014
4334
604
14314
845
8572
876
4891
839
9379
1125
16191
1026
2000
943
2847
984
1802
952
12628
1150
4789
803
3098
1092
2117
636
1123
697
5729
1040
4224
1046
42443
890
3703
1090
1440
1035
3307
893
1535
604
5290
1033
6421
999
1735
912
33227
1096
2776
1114
1491
653
6126
930
1460
816
1423
967
1878
877
1508
965
7310
787
1726
870
5234
1016
3393
942
2234
452
1761
1155
1251
814
8077
867
3547
972
4556
865
6815
794
2886
893
3699
1056
6923
554
7499
1051
4448
943
4528
863
5902
1033
1475
777
2251
1026
2030
933
8066
942
11681
936
4636
933
2366
1036
22759
1028
2664
772
1220
629
6477
1114
5903
804
1842
1013
8170
807
13311
887
1321
786
6001
794
2001
958
4181
1028
2069
1053
5008
851
2631
943
1977
794
4169
994
1503
1030
1502
916
3070
853
10239
798
1363
849
3859
985
1816
585
1097
934
2895
985
47847
974
2157
1036
2044
970
3185
488
1880
865
2839
1023
5493
1053
19759
1033
24373
867
3211
974
4268
1092
5508
955
1644
1125
1420
554
1910
1021
4722
834
7710
791
3388
1071
1721
581
2798
1016
2297
581
1826
969
9879
1025
5711
816
2518
1059
5499
551
7788
994
2048
609
1109
786
1812
954
3962
958
8751
926
3277
994
3189
934
2003
488
11567
903
1503
916
2402
1099
4949
1178
14306
931
8459
1090
1172
807
1819
849
3349
1059
18803
745
2057
958
1921
981
4046
959
3244
1178
1975
925
2781
398
12885
1114
3154
1033
4876
760
2077
934
910
1099
1225
458
4349
1023
17703
995
6444
865
3072
958
5597
723
4789
853
2592
937
2695
609
10848
1086
8235
851
1489
770
3383
849
1353
927
566
653
2084
1029
4712
999
3045
557
11658
925
1837
965
5217
816
4152
832
2755
458
5112
807
3925
742
4530
1010
4507
706
11208
770
1630
969
36803
877
1611
547
12329
867
850
941
3183
934
16336
816
101609
867
3528
972
18475
1096
6764
948
2773
1057
2565
909
552
586
2259
903
4065
1059
1606
965
10004
679
1583
1089
2780
581
792
901
1725
1059
8499
890
6740
1013
3652
849
3193
547
1763
675
1228
585
3887
1014
2461
1021
4640
675
4255
969
3056
1046
583
1099
3187
1040
5374
1040
1840
1028
1017
1026
1165
1031
6129
1030
1423
794
8859
926
3138
1098
1860
929
1113
1045
3490
604
7950
986
2414
752
6538
893
2198
785
1953
1048
4562
835
7531
944
3884
839
2831
1008
2069
914
1660
1124
2223
1016
2140
964
3317
1155
36011
798
4381
488
1370
899
4651
1056
2259
801
3110
1096
7646
1114
5100
926
10789
985
4574
890
5794
551
29152
999
3080
972
2926
1046
1575
399
4300
452
2498
942
1258
1051
2318
1051
3385
877
1756
952
2211
1049
3369
1051
9112
488
5012
636
2118
1033
1304
1125
1502
908
7613
941
2679
964
5181
752
1797
901
5601
547
3575
1028
11640
807
2227
931
28281
909
7488
954
3619
942
6008
1096
4169
952
3677
995
4019
1016
1448
1032
3591
753
1238
937
1358
970
1210
1048
10341
948
15162
899
4839
772
1277
798
5649
925
1530
1033
26369
937
1002
933
4161
964
3754
1014
2123
893
3334
798
3136
760
20647
581
2133
970
37716
752
5860
609
1808
804
13385
646
5872
816
1826
959
3402
934
6329
934
7174
1051
1441
1098
1929
853
1542
930
2952
1061
1692
995
2030
1132
898
586
2718
976
7394
1036
2910
929
1423
586
7076
1028
4191
1061
1906
745
1874
916
9653
772
9498
798
4741
943
3432
807
13153
897
10681
965
4605
867
1609
636
795
911
3294
547
7570
937
2817
933
4235
834
1743
823
4605
899
12138
1014
1499
959
2651
679
4311
772
4225
936
1464
981
4631
976
2310
964
2655
936
7762
1013
7771
787
3818
1013
4993
557
10441
798
2936
1083
3470
996
1533
1029
1165
791
7678
1030
16149
781
2493
916
22925
1003
3016
845
4295
899
838
1098
6212
943
968
1029
1009
675
2978
760
2291
678
2396
1094
5379
1016
1363
557
13339
784
12138
785
4698
955
1592
1010
1348
1031
8764
557
7911
870
22259
919
11603
786
2142
1071
3728
760
7429
849
2944
1016
8436
1003
2414
801
7460
1025
1776
1045
2373
1132
3037
752
8279
976
3907
964
5131
785
16303
1029
2157
1036
4909
899
1597
636
1002
984
7826
1071
5941
1094
5986
972
4338
959
2709
976
12093
755
13485
851
1716
893
2125
951
6031
994
2874
876
1924
969
1383
994
3329
787
3977
839
2319
984
3412
1083
2499
1048
3075
995
3668
995
5302
1013
3069
901
14678
941
1990
986
7167
937
3334
930
1143
1029
9680
803
3304
1007
1240
760
5814
568
2049
877
2195
636
3776
899
7942
1023
3029
1129
1343
927
1283
1021
5528
781
1347
723
1275
723
746
452
2349
893
3821
981
3781
845
7791
937
5471
814
4286
976
29252
887
1505
1016
3366
941
9289
785
4761
887
6251
887
1991
770
1224
887
6298
1003
868
691
12967
753
15384
578
1698
1098
3646
812
1118
976
1400
916
1391
812
1020
1061
1344
999
2631
1040
2584
935
2936
934
6607
551
2336
967
3950
675
2528
876
6085
697
9937
679
6564
972
1550
914
3603
458
9861
791
3218
863
3750
578
2078
784
29105
786
5046
995
3780
909
5582
798
21482
742
2793
958
6063
1051
1676
568
5874
804
1257
962
2449
1129
4880
1003
1422
675
1593
1025
3346
732
3156
929
3911
745
3185
908
1679
996
1559
1132
1990
816
1257
958
2839
970
2026
839
1932
965
2984
742
2817
1096
17423
772
3620
753
7185
1057
7367
969
2767
760
6539
964
7659
672
3220
777
4424
1032
4836
1007
3138
557
14055
1048
1220
781
5792
853
2093
1026
1966
937
1182
974
6023
935
4550
398
4671
745
963
1129
2660
586
1050
935
2013
1032
14360
909
2759
1096
8328
557
6804
835
2277
834
4224
1028
1781
994
1000
929
6001
804
1828
1008
1165
1125
18714
1114
5087
853
659
955
3327
911
4019
755
46993
948
2380
863
2221
678
16386
1089
635
1026
22062
1010
6734
1013
3941
996
21878
867
9659
675
8745
706
12360
1023
3344
876
4376
849
3125
851
7481
1026
2544
672
4261
1030
6755
984
1616
930
12643
1155
2031
458
4824
970
1772
554
2965
791
3114
742
8826
1031
2703
955
3566
723
1324
958
8775
1178
9695
1027
2341
636
2510
1030
998
851
3056
890
3155
839
16628
1021
3116
929
7068
804
19053
935
7133
801
1686
812
2969
982
3182
981
2413
1026
10758
949
4187
823
13308
942
11329
1114
4343
935
1270
851
3420
908
5194
1096
5705
1071
2912
1016
7881
916
16957
948
2739
578
2603
636
1215
823
4194
877
1227
760
1380
488
7042
986
4000
835
11229
1028
1667
870
1950
554
2851
834
6761
812
2025
784
2810
1071
3129
742
8097
931
1624
629
3059
745
29446
1051
1575
949
6398
909
6288
1124
1165
1016
2453
958
1446
870
1751
930
2066
951
5301
798
2185
863
19956
777
1626
887
918
1032
9773
899
1435
1028
2765
823
3540
678
975
903
2670
994
4837
863
2011
755
1970
832
2356
877
1691
812
1243
794
4748
1125
18608
791
1063
832
23208
1031
2142
832
7405
1056
5959
636
9694
948
55277
967
1611
1003
3351
807
1933
760
8507
763
22342
777
3658
1125
4297
845
1638
834
2861
912
3433
916
1976
1029
4936
398
2074
995
2383
755
990
972
1913
1178
552
936
9577
679
15739
832
3888
942
7199
781
6310
1071
1288
1155
5395
568
5067
865
12414
1013
6154
1086
9708
586
1267
1057
1701
398
1947
992
2932
948
1325
742
1611
992
1586
1056
1531
732
4266
853
179285
926
6298
1034
3329
629
5126
877
1218
1090
971
931
2000
732
3551
777
1445
1045
3113
1023
1798
944
2719
691
7497
1028
2160
986
3154
835
23922
1051
1256
959
1746
707
2237
785
1304
691
2243
867
4680
972
5082
586
1809
976
3308
742
7647
999
2703
1059
5126
1053
3594
1098
1368
936
47775
1059
2221
876
3922
835
2244
458
1675
1083
1551
996
2990
890
2245
1016
9157
798
4320
581
4442
937
3549
1049
1648
972
3890
781
9262
823
5530
835
18395
1029
2634
919
8409
887
1853
911
3346
853
127943
1124
3261
488
10409
994
35822
959
2454
581
5495
1061
6482
816
27109
1031
74127
930
7008
707
4505
986
3507
1178
14715
1032
1343
1129
3125
745
4381
814
4501
937
2525
1012
8826
1155
4462
1096
3339
1036
5938
816
4002
1025
3218
1092
2227
672
9902
1155
1118
777
5819
616
2117
931
3019
1029
1596
952
4096
981
2419
1072
2436
586
3318
849
1606
1026
1368
1023
1711
581
1725
732
2316
1035
1916
707
5767
952
2413
964
9208
629
4838
1021
9910
1092
1292
753
3621
586
7577
675
1257
867
8639
964
4761
976
1557
999
11707
760
2057
1008
6318
458
9341
1045
20644
1023
5694
1083
2715
933
4544
586
2935
1034
2457
787
5278
1090
6115
551
8891
787
2438
636
1372
399
2217
925
1502
911
6183
1032
3871
803
1168
992
4789
970
1881
996
2343
948
11099
1083
2739
934
21445
909
4208
1114
4892
941
3012
636
659
1045
2236
930
3087
1090
2235
646
4443
1023
3097
732
1170
1034
16470
976
5856
887
1578
967
3510
972
2060
969
713
865
4052
816
5850
943
1211
969
2284
969
6584
849
4988
1049
4388
458
2748
986
4323
488
1197
899
1214
926
11465
568
3147
1021
13847
804
2664
931
5490
1092
1991
398
6165
1030
46772
452
3001
995
2693
616
4369
581
4533
1090
14166
834
5074
835
5702
823
9073
1155
1785
604
1384
807
9248
1008
3539
1132
3502
1014
8229
707
3145
697
3924
786
10772
937
2415
893
2024
1027
2012
995
5379
581
6356
914
8438
931
3104
609
2857
1028
1600
814
3682
1178
1520
679
1658
1046
4046
791
1594
976
2631
1032
8377
914
9986
586
1391
1010
5298
1012
13383
770
5291
732
21749
1032
2511
1051
1381
916
24687
1090
6304
853
2243
943
29247
981
2909
1129
1751
1048
27324
547
1625
745
1373
1008
7520
851
1146
585
3925
865
1749
770
8975
954
3343
785
1486
732
18286
399
3867
777
1299
982
2639
798
1604
835
1990
723
1890
984
33966
1178
9644
794
3182
849
4454
901
2549
568
2486
948
3490
1094
6268
763
1715
1021
2708
996
1691
752
16597
616
2600
1028
4150
845
5602
853
5258
964
5478
948
5826
969
2100
958
13920
865
1451
452
938
458
1509
943
4103
919
3431
1016
1701
1033
19706
1072
1209
812
3937
976
6434
936
3647
1034
3385
1124
13758
981
3355
899
5347
678
21440
974
5326
1010
2192
853
3154
908
2514
458
3169
557
12785
609
4945
636
2824
899
2495
760
3216
985
2736
955
6751
672
4335
801
1323
901
4640
398
17759
834
2107
707
4870
604
4343
1051
4876
955
6091
954
3122
1034
1503
1072
4010
974
4187
967
10564
786
28065
1089
5325
908
5822
707
2839
629
11384
914
6752
926
1891
807
9082
568
5752
936
3075
916
5820
863
3692
952
1024
832
18755
823
3024
952
6098
753
15577
1012
3349
763
2581
1090
4123
965
7428
1059
2905
834
8787
959
33353
1012
2932
870
7865
897
16472
586
5318
901
3495
931
1480
807
2409
890
60150
897
1556
893
2398
1124
32428
899
1374
903
3029
1114
1661
970
1338
1114
1952
931
4805
832
2629
944
4028
1089
4381
742
3777
1048
2913
926
2693
984
1293
1051
2278
578
1362
901
1620
1029
2185
1061
5869
1025
3940
897
4566
912
2083
1132
3162
675
1201
1057
6846
672
1648
974
997
964
1524
755
1115
804
20692
949
2311
948
5892
943
8355
786
4718
636
1964
1048
18806
760
8686
1034
4736
919
3670
1096
2481
816
2230
629
3717
1003
1147
1089
2788
985
6171
803
3150
845
2891
578
16272
974
2049
1010
11605
899
4875
853
1534
1027
3924
964
1421
930
3555
870
1499
823
14976
955
2107
965
2000
1010
2395
931
4472
982
2962
1098
5315
972
3765
646
2029
691
3229
1029
6063
1010
1713
752
3218
547
9216
678
15177
609
566
1053
5925
955
1194
785
1489
986
782
887
1307
1033
4027
554
3990
816
1362
706
1721
1083
2241
934
1494
1029
4165
1061
1680
551
2275
1071
3145
986
1202
1030
6757
887
2579
929
1147
845
4772
1035
3046
794
2267
1092
2401
931
3129
1092
2294
941
3037
936
3412
629
3350
1035
3319
814
1891
784
1314
972
2579
845
4542
547
6319
984
10570
970
1628
1053
1976
755
6240
770
4532
1051
10384
1036
1657
863
1814
887
2453
1046
7873
845
3412
1023
2521
760
1019
581
1565
1132
14430
781
4832
952
1569
568
5270
585
4158
1056
2209
982
1336
458
3553
1030
2426
1071
6322
1031
6505
452
13725
752
3277
959
3592
1129
2205
1178
1820
785
2208
853
5792
1086
4142
994
3506
551
19798
865
5499
955
2464
887
7671
784
5263
1092
3211
955
1357
760
7137
678
2538
876
2408
887
5694
878
4441
814
997
697
1024
697
2649
609
2480
1099
36936
763
1165
955
989
1098
6223
791
7157
887
28316
1003
2417
914
1174
867
14997
1059
2429
452
1323
851
805
770
3831
931
1922
697
3208
581
2816
1013
28420
933
2518
753
4678
954
2736
878
1621
1150
27076
697
8019
897
10172
807
5952
801
1169
1026
3488
672
802
887
1952
609
1185
1124
2156
1072
5788
557
4453
984
8783
970
2745
951
7186
1051
1891
398
14710
798
31191
697
2639
586
1739
586
5602
1096
1074
1034
3171
679
6126
1049
7561
899
4030
697
8979
1035
1646
1099
18667
551
3824
908
3070
763
1683
672
3600
791
8593
1086
2646
786
2711
803
975
967
1360
816
71907
965
1717
1012
2980
903
4605
958
2739
893
5734
1033
1724
926
3608
877
21983
1094
3840
851
1457
853
3209
578
993
398
1883
488
2716
1023
3055
1178
1024
954
2306
1021
3031
951
3091
911
1808
1012
1076
399
2905
1040
5247
804
1488
914
2042
925
1439
784
25174
1023
1958
877
3004
672
2281
995
1183
951
5194
1083
1170
1096
6637
927
749
1053
10315
955
1699
785
2454
877
3744
742
1944
919
5772
629
10764
929
5914
965
1934
1026
3015
653
1145
1048
3432
609
1050
985
1610
967
2287
786
3246
760
12488
935
8713
1089
1222
1025
3873
985
1663
943
1747
851
3180
995
6475
1125
3054
784
6122
629
6655
1150
1798
814
14111
1031
12105
678
2013
1014
5419
1035
3932
909
1880
732
1015
964
2137
1114
5421
1051
2041
1034
3820
1040
33485
1051
1355
937
4485
1072
4499
962
2596
972
5556
691
3787
646
2102
999
881
1072
2276
816
11429
1129
4220
1092
1390
893
4910
1090
7123
916
561
954
23914
452
1791
636
4119
926
1613
629
9818
1056
5233
777
7766
949
17433
697
4019
901
6318
1030
4616
1021
2628
742
6451
816
11866
1132
2428
781
1171
1129
1360
452
2015
835
1087
1083
947
992
1137
964
2030
1026
3080
967
1598
1030
1944
951
2423
865
1951
586
15425
1086
2285
554
1523
995
2303
958
2308
832
5539
930
2626
1003
846
609
3091
849
2474
849
1369
1010
3649
1051
1901
901
7064
557
40261
653
1265
893
12842
786
2557
853
4391
801
9981
823
1640
958
3416
786
2479
399
2236
1036
3473
1150
4857
849
6574
1027
1250
586
8505
807
2002
912
5694
1089
9845
952
2111
1036
6591
958
2431
974
7613
1096
1395
794
3070
1031
1283
949
5048
1057
2074
1016
1060
952
3616
742
1001
903
1888
1086
743
839
4223
912
1614
967
6721
969
12203
816
4501
933
9828
955
2984
488
3501
994
2391
636
8398
972
3658
849
1151
399
5847
878
1973
1040
991
675
5205
916
1803
916
3759
916
7007
835
1277
1048
3501
586
5831
962
2822
877
4548
832
12086
1048
3569
834
12397
604
1775
867
3033
911
6441
914
3393
1021
1277
636
2287
753
2942
942
3459
568
1586
399
2098
629
1323
675
2936
1094
1292
814
5699
951
1201
890
1934
1034
3221
929
4285
636
4217
1028
2045
803
4735
1012
3248
986
2543
912
5270
791
6603
941
3003
772
11152
870
8806
926
1943
823
5819
770
2266
943
13358
1090
1473
755
6618
970
1854
732
3644
1071
1304
903
1775
1090
2372
964
5367
959
1708
732
53488
1012
3727
934
3649
901
4021
985
8405
1032
5144
791
3759
1059
1158
557
12713
399
1491
1008
1784
995
918
784
4366
399
3807
916
9595
897
3804
1003
1482
876
8418
916
2115
955
8185
679
1145
604
3623
732
9782
962
4138
801
5352
804
790
890
2508
753
1340
1048
1421
958
6434
964
17070
1012
9650
876
1637
812
1850
985
4926
867
2991
903
17943
586
1364
935
5982
985
12934
865
5635
1051
2867
893
1095
786
1625
781
3103
554
5633
732
4928
867
2940
581
6533
1057
1138
1114
1175
845
5823
707
7617
1129
1764
753
900
604
13492
551
1118
1021
2759
995
5261
995
2893
934
1342
936
25026
877
5630
965
3877
458
5978
1092
5264
863
8369
787
2013
1132
7396
1092
2452
609
16134
1028
1424
1021
2181
760
2609
1125
6008
909
15080
909
1796
753
1497
984
1202
1178
2304
1027
4378
901
1140
933
3122
781
3229
867
2201
931
1896
1072
796
911
1972
914
6599
1098
4750
914
26969
942
881
816
3822
1014
7934
901
790
949
1440
996
3301
964
4351
1036
19610
732
4219
986
988
1125
1409
794
8889
794
4179
1032
4187
1072
5816
1026
9529
1026
5120
967
1743
399
2955
798
5048
851
3736
807
10099
964
3136
851
2083
653
6037
732
2570
832
5996
863
2580
1025
1280
899
2479
970
1410
916
5364
996
3493
1059
2328
697
2594
399
3209
791
4272
1089
1484
636
1612
398
1224
911
2254
927
3743
929
3473
914
3287
982
2369
672
7991
547
1336
812
1324
926
2336
959
6662
803
5054
585
3095
958
4568
675
23853
1012
1416
604
4784
1033
2393
812
3511
770
5046
1098
8279
1033
2751
865
2772
1014
3649
951
2726
974
1163
1030
17311
851
5370
893
4565
823
4235
948
2584
969
1380
399
1093
1040
3972
1048
5227
1025
5823
992
4672
955
3771
1061
4214
1125
25295
1013
1255
1083
4522
863
2287
839
4161
994
1891
1008
2085
982
4244
899
1064
934
12484
976
6569
976
1950
732
1044
995
4399
777
1792
1008
2908
1092
4252
1083
4957
812
5918
901
1964
1031
1547
1094
1304
1086
2162
803
10957
1071
11765
586
1478
909
2153
1021
1376
786
2202
398
2304
996
6300
1129
5710
1012
1379
547
4809
927
3378
981
2011
554
1782
791
3265
697
7677
942
1702
1034
2615
949
2058
1071
11711
816
3440
787
2983
1027
34586
996
4971
1016
1082
1036
6849
1083
12070
955
3229
770
4548
691
3123
832
1642
929
6552
1016
1655
1083
2728
1028
3351
912
1448
934
9942
1049
2765
865
1473
1072
1487
962
1727
929
1768
398
3347
908
2176
912
7042
981
2973
629
12035
959
2528
1027
3681
678
1276
996
1475
1028
945
706
2882
995
1102
931
4748
877
1862
985
3878
1016
7729
1056
1558
849
2304
752
3084
452
6782
930
3036
398
1161
781
1431
1014
1285
876
3117
1031
6593
697
1670
967
6078
706
5259
1013
3334
458
2259
1035
2654
965
3301
1092
2992
581
1138
931
3621
908
2454
1027
583
786
3805
816
11978
832
1697
976
1589
933
2503
863
2206
876
5817
646
5579
787
2581
955
7282
942
1284
897
9160
1030
100805
1083
10961
784
3856
786
990
675
6297
994
795
919
2741
981
1514
1030
1191
964
3114
952
2196
995
1699
770
3170
557
6460
581
4193
865
6871
794
841
1040
3092
970
3242
851
2720
1072
8347
994
2257
1071
2559
927
3254
987
12775
784
11466
581
3089
755
4186
1033
7480
1072
4897
1178
2380
935
2969
1092
2594
814
2535
965
3578
1090
6120
1059
1273
909
36805
1014
5288
653
2108
995
1496
962
3582
1099
5033
982
10923
691
1128
984
4820
996
3176
965
2002
845
1212
1021
988
952
3447
1099
5663
845
4235
678
6312
912
4181
981
2477
609
3511
962
5074
1035
3945
867
9731
909
1864
1012
2677
755
1700
1125
1946
967
8427
944
3084
742
6164
899
8046
994
3781
969
7138
1129
5097
1124
3172
952
3296
845
1772
1025
11605
1051
3434
925
3756
798
3167
1026
6209
832
2347
554
1455
1049
26800
1124
1708
814
1887
585
2753
787
648
876
6190
794
1429
893
3777
992
4958
791
1956
1023
9791
1028
5410
812
1062
781
1162
1155
4598
972
2533
970
6306
999
5892
609
1799
937
3190
1030
5233
814
2131
551
2992
636
3439
691
3669
1028
6471
770
8534
784
1717
1008
2622
1051
1076
547
18644
784
2198
554
1908
753
6605
1034
2929
785
1683
903
22015
1132
1855
1061
2843
755
1439
547
4843
845
11614
1040
4096
994
5023
995
1728
955
5808
742
5105
706
4920
970
4372
982
2979
812
1405
965
14411
458
2704
962
4153
1036
1929
803
4598
1014
5584
1129
1932
919
1761
1132
2912
763
2188
823
3597
452
1174
586
1890
557
3868
951
1734
912
8463
1046
5660
934
13857
1032
7970
925
5873
1056
1649
1072
12408
1046
5030
1010
32815
1027
1423
851
2468
753
2600
955
15821
753
6683
742
4222
863
2390
1045
8416
616
4094
1031
1190
863
1495
1046
1964
1059
2778
1086
7715
931
7839
984
16238
1030
3922
935
1974
964
2624
1035
6918
1089
2030
1032
971
839
8828
930
2208
752
2762
1125
13538
1027
11216
936
2421
1059
1006
909
8372
949
4746
853
3698
967
1608
851
27870
903
10922
1125
6303
1051
1508
893
1630
1014
24922
890
10788
786
1328
935
7177
937
3701
937
2769
1083
1794
1026
1375
585
7237
801
6703
646
1899
962
1386
1046
4548
948
19196
1025
2703
1132
1308
887
9583
1030
2963
912
2513
1021
7530
941
1514
992
1019
1023
8167
877
13215
851
10385
948
10855
745
12439
791
7655
994
2740
1030
5183
944
1669
1014
2548
832
5456
951
2958
760
3994
943
5670
901
2109
955
4658
646
15284
791
10521
823
3413
458
1437
787
2344
876
2925
399
2620
934
10621
609
9124
1155
2513
944
4318
1031
27863
798
2466
878
3970
1090
2956
890
922
794
4077
1029
2047
867
3598
1071
2588
1092
1173
629
3211
1053
5271
985
23247
760
3946
931
1658
1026
4845
987
3584
1129
8133
458
5181
786
6364
763
2071
941
9390
1008
1299
853
1717
1014
2067
1057
4381
972
5535
951
2697
1007
1850
996
3871
585
2123
578
5682
1013
9701
706
4974
951
1697
851
73408
798
2211
985
2928
893
7403
772
68693
675
789
919
2872
772
6921
927
1925
952
2495
398
2076
853
3912
753
6694
1092
9493
823
2968
753
1546
949
3318
1061
22264
969
13872
1089
3408
1003
6488
929
3771
1124
4767
678
6398
781
1443
926
2033
1023
2860
912
1898
1045
7621
926
4643
903
29172
691
15574
1003
7091
967
11336
853
1076
985
2003
927
3057
948
23381
551
5898
551
9925
787
6625
770
5749
981
1408
1099
5944
962
3483
972
6287
1033
6062
807
6151
803
17047
578
1565
1059
4108
936
2500
807
1454
908
1356
554
1265
1033
3096
909
1043
944
4422
753
1552
1021
3318
943
1765
1013
2476
616
6992
925
2881
878
1387
982
6951
1114
5864
959
1846
636
2699
1031
5180
1096
1647
399
4335
834
3314
1048
2943
581
4470
901
4763
949
3701
1040
3623
958
1156
948
3211
1003
2093
954
10357
876
32213
987
4970
959
13482
867
24543
942
1702
863
3251
1016
3521
941
5920
760
1690
954
1009
985
4755
897
6496
876
1397
981
2212
1008
2827
987
10587
974
1866
981
4088
964
4501
679
3531
943
4968
964
42044
1051
4387
745
2280
794
3184
1036
4684
604
3775
753
1318
865
9198
585
1403
616
3292
1059
2751
398
1305
1099
3614
763
1402
951
4127
867
3873
772
3679
914
4001
1071
4335
672
4425
849
2793
1083
3994
760
4432
801
2589
398
4410
816
6553
1096
2611
816
4526
933
4004
967
2009
812
3326
887
2753
903
2568
1028
8504
936
1564
823
12357
948
4730
636
2926
996
1499
995
6035
1053
8266
585
11977
931
7852
804
2448
763
2246
772
7370
887
7052
770
1698
636
3284
1036
1184
452
5421
785
5481
1014
4680
958
3830
943
2872
1094
9530
398
12163
609
5703
1012
1519
965
4217
1021
2147
1013
11583
1003
4731
958
7245
986
2226
964
1720
753
4030
994
7351
399
4270
706
5735
723
1322
755
3265
994
6529
1016
1303
697
2063
1096
1341
943
1598
1008
1987
1049
1522
834
3555
958
14276
1090
12798
1129
1604
853
3658
629
1848
1003
1020
863
3599
985
5182
707
2296
976
3056
1048
4056
803
1538
1083
37489
585
6595
784
1700
1035
3961
629
1726
994
2117
706
1590
1089
1643
933
6799
1031
2552
646
1534
936
1351
943
2616
926
1553
1125
4385
962
8289
1099
2795
982
1290
1057
7026
452
2682
653
3617
919
4237
867
1610
914
2584
1092
1394
887
2287
609
1990
707
2595
1007
20167
1114
5950
1026
3647
987
23538
951
2058
941
3841
853
5556
853
6432
984
880
1114
10152
834
846
867
1371
399
3930
890
5386
798
7568
834
1750
985
7407
984
3259
679
1460
1025
1204
653
1473
585
2870
1045
1346
916
5416
1057
18119
609
1063
934
1991
706
11058
679
1671
927
1084
1049
1120
943
1530
1028
7821
927
1006
812
5796
959
1281
1040
4098
807
1371
798
2471
1027
2061
944
6269
1129
1745
984
5691
835
5167
1032
10547
581
1204
816
2712
772
15897
994
2067
753
3679
865
1440
1029
10743
616
4418
929
25405
1029
9316
1056
1738
794
9132
930
3183
987
5938
1032
6640
452
5076
1010
6152
1010
7478
919
6659
1059
6258
1092
3397
995
11223
772
5125
458
11874
1031
7459
812
3796
752
980
890
3812
911
5411
949
3539
994
4750
1031
1713
1057
5166
972
2111
995
5258
586
9804
890
7293
994
3176
1057
2476
1124
2396
1045
4395
948
1916
581
9641
1023
1529
887
7010
995
3922
964
1282
755
2536
399
1229
970
10643
929
5195
1031
3441
849
552
1089
2203
934
1846
1029
8227
985
4215
557
3774
1178
1412
1049
2651
707
2535
586
6799
763
1310
1124
8355
929
2186
1032
2795
972
4356
1178
14022
1096
5838
1048
2863
1150
1977
755
11229
936
6447
609
4623
672
4071
972
3346
1096
6301
964
4224
1007
2450
798
15607
629
3391
954
2970
948
3933
398
5761
791
2579
707
7561
1072
3693
604
2748
732
6314
972
998
1098
3391
994
2290
1012
2609
911
5288
1048
1417
585
7928
1035
3519
609
1731
1027
4873
1048
11385
909
3902
984
8881
1014
3933
557
3400
1071
1554
697
1702
1057
12405
942
1179
586
3898
551
2429
785
1999
1086
4773
787
3251
812
6366
1007
4755
1046
3595
1025
1604
995
1239
1048
11424
578
1467
974
5212
942
1624
777
5910
937
9701
944
2208
912
940
1035
19969
1061
4570
784
2401
812
4586
786
3103
672
3594
1178
3643
1026
712
1061
2395
777
1855
399
881
488
12764
1007
1558
786
1981
786
4786
568
2626
452
1890
784
3524
1049
3867
987
4202
763
2058
955
4880
399
1296
678
2798
832
5885
908
5699
967
3707
1023
5192
1129
2713
1092
4070
1053
2841
781
8603
934
3539
834
3679
899
4907
772
2613
1086
16387
943
1765
949
1176
398
1825
777
5802
1030
13572
1028
3540
616
3940
899
3776
839
1450
568
3998
697
1205
935
1652
897
3827
1098
2276
1010
2831
893
15657
959
26845
763
24556
916
4873
691
3394
547
2230
1027
9362
679
1690
679
8329
1132
2138
804
2939
1061
4061
876
2761
1025
5123
1027
1367
1016
1180
798
3440
629
4735
893
8936
986
8773
691
3940
1028
3681
901
1782
547
1463
1098
2839
629
4092
1053
709
1098
2248
851
3333
1032
7104
958
5860
1125
1797
948
2041
1051
4550
1155
3400
1089
10322
1056
4073
777
1600
653
1335
1071
14443
1028
1719
672
22172
823
1344
965
6061
962
6479
1040
4283
1013
2192
706
2160
899
2180
777
971
845
3332
791
2243
948
2228
927
5922
745
8139
1048
2033
984
5111
931
1265
1014
1643
835
1407
742
38494
697
2770
785
2206
636
2900
903
77927
916
4181
931
2399
949
2310
943
1229
982
2915
770
3930
870
2922
908
12777
853
2527
554
2071
1003
2605
992
3880
954
5220
952
1437
972
1808
958
1423
742
1700
1016
7359
899
4517
948
1996
812
4870
1061
17909
1099
7007
398
2310
1096
5022
981
7691
927
9319
933
1924
999
1856
986
1433
458
1864
568
2629
678
2265
1071
3399
1098
1759
707
9256
653
8101
935
3366
787
7666
1003
1347
835
3492
616
3830
839
4488
942
3141
1114
1446
926
11466
578
5168
823
2657
937
12639
691
2218
1028
5244
488
5443
1098
2620
959
3434
732
1285
969
2229
1033
5972
1056
1469
812
4639
1026
3611
1089
1068
839
3572
1029
1620
1032
2306
679
4282
912
1106
976
6901
893
3403
981
2032
1132
1409
1033
9787
832
3071
972
3511
770
2903
1178
3263
653
1717
981
1097
845
1627
1023
5698
1008
5126
933
2632
1008
4126
870
6586
551
5072
1150
3505
723
3449
786
1213
931
13060
985
1692
951
2564
653
20087
1114
1647
753
1489
763
1679
1132
12183
1056
1588
772
2724
629
4690
1086
13989
551
1348
1072
1185
914
9242
925
14432
604
5086
853
6980
616
3801
1178
1176
1053
3436
823
11723
987
1377
1027
4343
794
1121
1051
6774
987
5795
982
3501
903
3607
887
1981
1046
16278
926
2384
952
3333
927
10685
1036
2716
1035
1429
970
2320
936
3016
1155
2681
992
2040
1048
1335
706
1960
996
4732
929
3673
1027
1798
853
18662
909
1109
1089
1890
936
1197
865
3313
551
1724
897
4566
1096
6794
1012
7091
937
1977
853
12759
901
8686
1072
4543
943
5136
586
6741
581
12023
909
1843
452
11172
636
4648
1048
2000
877
11567
934
15869
755
1796
547
69700
798
6120
1010
1259
675
17548
1096
4666
706
1341
962
6679
964
11003
1007
3381
974
3027
653
13061
691
1967
772
4733
951
3566
1071
1546
1036
5398
672
6242
931
2897
823
12663
912
6667
578
7143
970
5823
934
2141
901
1993
1028
1990
839
4605
911
2647
909
3085
1124
4793
958
2795
1061
4961
1090
5167
1026
1966
1132
2449
568
6450
878
3141
962
2414
839
2084
804
1266
804
2283
952
1069
1092
4526
1028
1832
970
1802
887
1245
949
1695
1061
3004
865
1348
488
7272
995
3906
936
1074
398
1915
867
4644
935
3336
1129
3746
678
11176
1051
7086
839
6060
1114
2120
1132
4438
955
19779
970
2390
1007
3773
604
10626
995
6333
1028
9193
1012
4187
557
2045
760
21140
1034
34912
1150
2475
952
3983
586
14888
1049
8861
965
3680
706
18488
1014
4703
1096
26913
803
1162
803
4060
578
1313
834
3555
949
2028
672
8570
982
1380
609
3130
941
1576
927
19914
452
3553
1090
31342
636
2625
984
3212
1040
4400
970
2184
908
2765
876
5370
1053
1064
849
19420
1129
5167
706
2720
967
5471
697
2199
745
5194
399
5513
981
2568
1072
1039
893
4018
763
10959
785
6569
675
1911
755
10990
955
6191
823
2264
1083
30180
952
4103
785
1762
814
1285
568
1324
933
3303
753
2246
1114
2952
965
8415
770
1116
926
928
987
4061
995
1764
760
3240
678
3014
616
1439
853
1394
1096
24975
1090
1649
551
25813
931
1535
1025
2691
835
21193
899
55047
1035
1501
554
1004
958
11290
781
4319
1010
1277
399
2769
942
3186
1010
1841
1036
6407
1072
6390
982
2480
753
2047
551
2441
835
3598
1053
19332
1132
3533
786
5351
930
990
995
4094
1003
1664
551
2197
653
2849
899
3641
954
10249
823
3072
777
3607
901
9393
458
4988
926
1964
967
3515
954
7957
908
8021
981
4853
1061
3824
586
1192
1034
1193
752
1490
1029
3993
949
3521
974
1991
964
1888
752
4853
791
3145
999
1745
926
1209
1150
3664
823
1817
970
3391
629
3579
931
3494
1027
2284
1010
1747
914
4037
936
7742
937
1254
887
3567
937
7625
878
22982
557
3184
812
2796
1016
8123
995
2566
1045
5613
897
7824
870
2798
1029
1908
723
16714
985
932
1049
3131
943
4543
954
16507
803
4372
398
2497
1057
4635
911
4916
926
4991
927
1229
876
1672
398
11351
1040
3024
911
2096
784
5903
1032
979
679
6515
578
5164
770
4264
1096
5559
1072
3004
772
6026
568
1506
951
1173
936
2561
586
1537
1053
2020
982
4553
814
2596
832
1852
1132
5368
958
2040
849
2193
804
2918
955
4352
1025
2421
969
13200
954
1097
1125
2140
1053
3440
959
3088
551
4956
763
10331
1057
2560
807
874
937
1153
853
4345
609
3001
1034
2269
867
11829
949
1481
763
2286
976
1374
784
4994
901
2252
1040
6380
653
2191
1072
6849
812
2911
753
4799
1026
6600
784
4718
1057
3402
755
6022
1129
6455
770
1158
707
1751
941
4968
1016
10421
952
16211
399
2593
845
5098
398
2735
763
1975
551
1853
1056
29239
901
7362
752
1764
554
1511
1035
14284
944
4892
653
3455
834
7346
672
4199
653
6623
678
3492
992
2679
672
2946
853
1580
1014
10775
984
2989
903
3323
954
3802
949
1689
1012
2099
935
1736
753
3151
937
2421
812
1291
996
5601
916
2973
1124
2042
1099
1918
1083
2687
1021
1068
554
2900
794
3051
964
1097
944
1972
1027
2223
948
4360
878
3474
1096
2532
853
1874
1132
3810
629
1483
812
4574
1150
3773
1092
1160
1083
2350
985
2909
948
5048
812
2912
1007
1131
755
1464
1034
4224
1028
5016
691
1656
791
2947
616
1971
781
2794
770
3901
653
5251
745
1508
1086
1335
1129
4520
547
1223
1094
19485
1124
2784
925
2520
760
3765
816
2261
877
2021
763
14740
1056
1733
967
2274
936
7230
786
5141
1045
3973
944
2754
1028
2275
851
1665
1089
1979
835
1640
982
7454
976
3487
919
4322
399
14529
585
3824
1033
2038
1114
4254
1040
3728
972
2925
969
6964
804
6729
581
6143
870
55573
1051
4575
742
4988
1155
2705
994
1591
974
4029
933
7579
804
2860
691
1409
911
3057
941
2537
914
2033
1040
2072
777
2198
911
2913
1026
3024
772
1364
1132
7319
987
5636
581
3558
936
16431
1029
2795
1026
3846
1090
3833
970
5011
1096
1011
911
4646
976
3243
916
8378
908
1831
1007
2561
933
1179
1092
2731
845
2254
1071
2625
897
928
781
15170
777
7359
804
968
832
5439
834
1314
901
6653
897
9340
646
4445
909
4065
784
8934
967
24553
876
1068
972
6301
1046
7303
398
13466
1092
24898
878
2326
1061
3853
954
2881
1092
4965
1086
2651
1048
18680
1096
2324
707
29949
937
2621
791
3060
1025
4954
458
3944
1053
3129
1007
3751
616
39490
399
4582
994
3094
981
1263
853
4059
976
1432
1155
1340
557
3718
1008
1474
1007
4084
398
4623
1150
2355
554
3845
962
1324
488
8228
678
6062
878
5841
903
1230
958
1997
1125
4884
931
16355
985
3651
936
1436
1003
1586
1083
3010
585
4440
999
10108
1051
6946
912
23414
745
8322
1092
7401
985
1529
908
1141
1028
5198
723
1708
877
4006
1049
8246
925
4372
927
1769
791
5474
1013
11318
835
1523
770
5891
636
2297
742
3593
557
6098
581
2798
781
1243
1045
1128
786
3540
1046
8252
887
1119
955
635
958
3492
785
3816
801
10683
974
1546
949
1672
755
1177
604
3024
399
1282
985
1133
616
4251
995
7299
1036
2670
1030
6758
996
5234
1124
10599
787
8948
1026
6393
1045
2871
604
3666
935
6130
899
2783
931
6867
1098
4863
679
16841
974
5308
974
3054
1094
7648
1003
4081
927
3720
1048
12461
899
8258
678
22117
937
5270
763
9362
1032
2782
1114
5063
952
4681
616
21308
865
14249
787
4633
927
4481
554
5562
926
2192
914
1368
1090
25096
952
6639
851
2339
616
2684
930
1292
970
10637
919
9806
992
4084
1027
4861
962
1552
787
4779
911
1961
1083
1388
786
1199
930
12949
996
30817
1023
1249
1114
3517
742
11611
863
18775
926
4262
804
2622
616
2042
554
4946
787
3431
954
5174
616
8385
870
4768
1014
5198
1132
1732
791
3114
1013
1555
876
1984
1025
6243
636
3493
1056
1921
1132
2598
952
3436
912
1570
937
1718
1028
2654
1094
17510
1032
4341
834
4094
1030
16244
679
4974
893
2586
930
1674
1092
6125
949
2479
914
7140
760
6272
1035
4717
1051
6138
1028
5107
554
5615
926
14035
568
6233
398
8769
675
1200
1007
3213
981
3544
1033
2184
955
19035
452
3412
901
1487
691
1962
1007
1723
970
4050
1028
2658
958
5352
1057
2272
954
883
1098
3773
916
2403
914
1920
1007
1877
1027
3481
760
5096
785
1770
1092
2869
832
41242
969
8596
1023
4345
1178
6903
763
1445
865
3863
941
14954
927
23586
877
3797
1053
3666
976
5314
801
2746
870
3998
732
2912
995
2181
814
1615
926
3933
890
3912
816
4870
962
1350
1048
1857
897
3159
1045
6298
964
18315
785
4098
969
9902
948
1218
547
5184
899
3193
929
3743
399
1413
832
1826
1030
1611
581
14953
653
3945
1030
1080
962
1719
1033
4959
954
5226
876
4199
1014
2199
911
3218
1096
2791
798
5048
675
3907
954
4419
1071
4730
1035
2762
835
1668
488
9216
691
4528
803
3713
952
1442
1012
3658
930
2073
458
1337
948
14867
845
5665
398
1449
629
3292
959
3436
867
22192
1048
3012
955
2064
1032
67202
1094
3317
912
2960
954
2263
943
4779
578
1341
777
2559
609
3905
742
1685
1132
4645
935
3866
962
2567
707
829
1031
15148
752
3397
955
6377
547
7134
870
1373
1053
1978
554
1079
1032
3923
951
2235
804
3323
1124
10142
609
8326
629
2341
876
6666
551
11679
551
2529
786
2202
949
1650
801
2048
985
14068
781
5203
1061
1047
832
3380
753
2003
1083
1958
554
3680
967
7597
964
19197
794
3343
1059
5828
1086
8369
942
4782
1028
6048
1008
15250
1014
6795
812
1227
878
1388
1086
8193
1035
2651
1021
1230
697
3281
951
4101
1026
46855
609
1658
557
5747
1012
1073
952
2239
965
4118
816
3563
1114
7464
803
4462
962
6213
999
1710
1026
3459
1031
8158
609
4009
969
1108
770
1846
755
27337
914
5770
954
1891
1083
2615
1016
5370
816
1643
914
4338
911
12667
629
3268
959
2533
787
2106
1028
5156
1092
3071
1026
2020
706
4252
1033
3253
458
7771
1094
5440
568
1589
982
2549
1026
9272
853
3106
1125
3611
916
26366
903
3152
897
2013
1046
3807
1089
3567
816
4084
958
5266
851
1552
707
8505
1003
5288
801
13048
691
8217
755
1596
1013
8822
672
5181
1053
3287
1033
4625
834
3758
1007
2162
870
4269
578
1811
934
1304
679
841
777
3163
794
802
1013
4059
903
3589
970
4050
609
18793
914
1425
958
3247
1032
13009
1007
1839
962
1816
969
4872
1057
1438
1023
21704
578
1209
752
2746
452
6478
972
13141
1099
6867
967
1967
1027
2375
1031
7861
925
3135
853
5278
916
837
646
11900
916
5486
985
24169
1096
12926
982
4378
908
10315
609
3255
745
1883
1099
13776
919
1799
785
2057
849
4723
1048
9977
568
4448
936
4742
801
2827
893
3929
943
2065
791
2003
1030
2550
943
40700
1029
2369
877
13434
986
12567
609
1363
691
3928
458
4935
786
1671
1013
3924
1086
3060
745
14769
949
11583
972
1140
581
1954
976
4694
959
3119
707
12776
931
1974
547
4513
996
1278
897
5835
557
8743
399
1197
954
2845
887
2419
916
3112
755
2393
578
3094
1178
14953
930
1737
916
3334
1072
6805
1178
2452
893
1975
876
2651
1178
3983
1028
2333
942
7643
1129
4915
636
3331
929
4368
1016
1855
706
1273
1178
957
785
6965
1057
4488
985
1377
959
1565
706
11221
804
2443
870
2704
1061
4563
801
1341
1036
11632
1033
3703
986
1037
557
2222
974
2228
849
1532
994
8469
1057
14760
804
9079
568
2462
609
7132
1096
3780
691
2782
554
1496
1028
22365
723
2287
994
3522
1026
1240
1099
10213
616
7308
919
2012
941
12001
604
4842
1048
2205
770
13062
745
2592
1010
3634
926
1162
675
20089
994
1015
942
1622
984
4144
876
2917
1086
1875
398
1220
551
4072
732
792
1035
1869
1150
1060
678
2379
863
1859
987
14976
452
4586
936
1187
755
2428
1046
2960
697
4168
1150
3071
679
973
1124
1419
943
4553
935
9157
974
5072
691
7157
832
6260
1027
3764
867
2002
878
8416
935
1259
839
9405
812
2268
653
6660
675
4644
1092
4266
952
5577
784
1157
955
1614
791
3268
1071
4846
798
3735
770
5098
742
4988
812
3262
903
4603
955
1648
1059
2813
944
7787
1053
1117
1090
1065
969
2320
1040
1231
1090
1747
969
1697
812
1974
941
5946
1023
2915
893
25753
646
3396
770
1804
985
2517
679
1494
964
5335
653
1293
933
2125
903
5662
986
9913
927
30174
955
2280
877
1362
707
2081
816
3165
1083
2717
742
2086
908
26878
1026
11148
1029
1523
1099
1365
974
1985
1026
4403
1008
2965
995
1041
1092
1199
999
1224
1014
7617
1026
1456
974
2161
919
1763
981
1230
551
3482
964
5528
804
1946
1023
3107
865
5752
931
3424
781
10747
678
4929
916
750
1028
4161
1016
5867
697
4113
974
2098
732
3505
672
2974
398
3849
586
3086
935
4455
897
13757
398
3295
791
3441
1030
3214
926
3388
876
5497
1072
2014
916
4991
609
3114
814
3965
742
1409
1124
3075
646
6921
1003
5773
948
8454
887
3594
629
1462
897
2546
1053
1899
995
10626
992
17810
1025
7543
568
1127
925
3169
962
3858
675
3895
1008
11177
903
2273
992
7886
982
1670
1014
5979
1040
6177
1013
6432
919
3529
853
4301
949
2196
616
3211
887
3431
581
6510
965
8919
1030
4123
554
15720
1008
1993
1096
4661
1098
2454
551
3777
877
3415
742
4468
987
8224
646
1280
586
23913
901
4559
970
6507
845
3883
551
1571
1132
2948
1008
2938
845
3797
1029
6750
1071
48616
952
5178
930
6595
653
8164
785
5154
1046
8611
994
8477
798
866
1125
9537
1155
7358
1155
5330
887
1923
887
36883
399
1137
948
4423
777
2727
878
4170
1051
7420
804
2814
972
5336
745
5402
1061
5130
1099
5487
586
2932
786
3397
890
2627
1059
3171
1056
2569
399
1575
1028
3035
877
21917
1036
10507
927
8437
955
3750
927
8518
760
3941
1013
2098
791
18520
958
3620
1048
1085
697
2015
554
4309
1008
3314
723
1385
1099
868
604
1348
636
2333
955
8224
691
1095
1026
5760
1027
4317
784
2145
887
2609
995
4572
452
6027
1071
5089
723
1101
987
3409
899
3063
1040
8218
1071
1804
1028
2871
675
3302
1012
1177
672
7457
1098
5001
925
1209
1016
2095
1033
1636
926
4617
999
2971
760
10851
755
5205
798
3056
941
1378
936
6595
863
3137
1132
6269
691
2679
959
2468
897
111950
937
1097
784
240840
791
1638
863
4956
785
5620
646
2618
604
2686
954
1842
616
3141
697
5470
962
2151
1008
1670
929
6037
812
1227
835
60839
835
2074
1061
1785
867
1073
616
1128
547
13463
616
24949
981
1681
832
1365
909
2313
1021
4515
952
1374
585
838
1178
1693
1083
2477
919
7381
786
10073
554
3183
794
1873
781
2941
996
8446
897
2575
1049
2926
742
2130
863
1206
949
2509
399
4767
781
2383
1045
6214
943
8902
1034
874
646
2762
616
15208
845
40636
691
2505
916
3690
1027
2860
636
3432
697
1813
976
5282
1086
1389
1124
3635
839
3360
1083
2229
732
2341
1048
2833
1003
9483
1051
2026
398
1151
839
16238
1071
3046
931
2202
876
8372
1008
4515
672
13640
1059
4000
1031
26400
787
3761
958
1156
1029
3907
801
3504
987
4111
1007
1989
781
2948
987
1078
785
7126
629
2212
1092
11086
970
1321
962
1248
865
3967
972
4758
1178
1783
996
2072
814
2270
814
1438
1032
3678
955
4892
804
5586
568
5925
903
5282
609
55233
867
4493
578
1253
1035
2682
581
3477
1049
3641
965
12655
1053
5344
812
5276
586
4375
707
8891
984
1443
969
3053
804
1713
723
2480
753
990
994
2189
760
12037
1031
1475
1012
6418
787
3435
803
2192
732
6441
755
3777
653
10966
399
21987
452
2130
1083
2283
772
5075
909
3425
974
1301
1059
4376
1051
7500
877
6174
964
6698
927
3316
849
2049
763
795
636
3897
1029
3439
914
2660
1026
1307
586
8764
1089
22296
636
6344
1071
5120
919
18618
954
7361
1059
1931
823
1860
1013
3567
969
29966
987
3299
933
3112
691
9298
974
5258
581
16219
976
7791
706
4321
876
11517
398
1697
941
7263
1031
979
706
6678
1026
5401
936
3616
952
8089
954
5752
887
2277
557
7259
930
2119
930
2877
675
830
1028
4129
1048
22725
925
1554
934
4983
994
2916
452
4070
1124
7853
1083
5367
1092
3121
999
1794
1049
5386
995
3197
398
1735
863
4817
1057
13623
803
5828
981
3813
772
2023
1012
3921
914
8476
877
3229
914
648
1053
2919
865
12048
755
4094
955
1381
1028
5079
1027
2045
1061
12062
1030
2629
987
3031
996
8321
912
3658
877
2248
557
3287
801
9198
992
2428
1056
5704
1086
4514
1098
3601
452
4621
985
16525
1089
4334
1048
5279
1036
1218
930
3359
919
8102
786
3990
1053
17136
697
4199
786
3129
985
2468
777
3421
994
1774
752
4737
899
1679
909
5023
679
18363
551
4563
1051
3472
1178
4828
554
1222
794
1319
707
2236
770
2073
1032
2085
1013
749
675
2803
399
3786
794
1249
752
1268
452
4862
1016
1816
609
24184
1036
7602
679
5503
557
1666
832
11329
851
2650
646
837
760
11732
995
4804
919
43369
1094
2651
929
6377
994
17881
925
1956
458
3245
629
1982
1025
3889
1056
3098
1028
1795
1025
3170
1049
2168
1023
2443
984
4222
1012
2611
911
6221
1155
2037
995
1787
994
8559
1089
2662
760
2371
986
8881
1035
850
948
4840
1016
2014
707
2304
1096
1636
1061
8916
984
1609
845
10499
985
13599
893
1957
994
56175
1059
1469
707
2910
996
1804
1027
11466
1098
7850
551
3241
1026
2278
777
2701
954
4719
772
10212
986
4769
890
2871
786
4360
581
27015
943
2996
547
5588
1014
2297
816
2237
816
1658
755
5702
926
19818
1013
4664
962
12318
845
2202
863
4612
931
2201
1155
23677
1008
4238
691
3921
994
2935
1028
3289
609
1222
863
1599
1026
19878
609
3887
1124
4091
1023
4353
1071
5141
586
4874
1178
11426
984
2616
1040
3521
586
2327
901
3910
934
36742
816
8655
986
1207
1046
8990
1025
3708
1048
2077
1129
1168
933
2907
969
1461
1031
1665
1013
5162
845
1939
1032
5248
1028
3440
930
2801
452
1405
839
14243
1129
4391
452
1849
691
5269
1096
1308
944
15329
551
5618
1178
2491
578
1416
488
6828
909
1663
629
2991
578
1451
557
1313
706
6143
992
2173
1049
3101
863
2298
865
3236
1035
998
933
12914
943
2896
903
5749
1031
928
804
4013
901
8865
986
3014
398
36474
399
21369
948
6504
1027
3488
1092
11235
814
8403
1072
2665
1032
1084
1025
1550
1016
3125
948
4875
678
1981
1098
3185
814
6716
1178
10689
1033
1886
581
6113
752
3794
742
4741
760
10877
1026
14461
697
1303
679
5575
398
1211
1129
8875
941
4339
672
9260
636
6803
877
8082
899
9231
916
2682
832
1687
557
2109
755
5380
941
4046
908
9551
678
2505
609
13533
551
1050
1049
1287
691
2364
958
2134
1031
5073
863
5521
399
1246
785
4594
742
6481
723
1192
807
2064
835
7405
959
4624
897
8224
1034
2991
951
14516
578
4533
893
1529
1033
2120
976
2250
865
1258
781
3281
1016
5376
586
17025
969
3490
962
4244
784
10836
794
24316
578
4993
604
3732
785
4167
1013
4388
942
26346
1021
5970
1034
1761
962
1959
803
2877
772
1244
804
2556
832
2216
834
7283
812
2156
1014
2414
1061
3908
962
1390
554
2210
1178
6095
1125
2227
763
66048
969
1320
1035
2266
745
2580
948
1467
944
38704
672
1050
893
5972
1114
3895
901
2886
985
2266
1124
6648
1048
3776
786
1893
986
2170
807
6469
1027
3343
1003
3594
967
2717
890
2827
954
3687
982
2336
1028
1667
616
3216
653
5735
742
2092
834
3044
878
15334
1155
4246
581
1834
1029
1085
954
1888
952
5287
1046
5794
834
6020
1056
6204
760
5536
707
1100
678
566
933
2262
1049
2719
951
1546
616
5830
951
2794
745
4001
1089
1869
959
2212
982
924
929
1415
458
9793
742
3448
816
3823
554
4000
987
5466
794
2551
488
1139
812
1964
964
2388
1026
2125
812
4692
867
8448
912
4212
949
2121
1007
3678
832
15740
723
2363
911
2895
1056
2591
981
6144
554
12768
912
1158
929
4919
1061
10353
488
1926
967
2983
1092
6190
804
5286
1049
2928
770
21423
629
4139
1178
2148
777
1778
1124
1579
903
4111
1028
1932
927
2638
1178
1196
679
4725
1032
3528
992
11830
1057
5511
551
5317
823
4144
1036
3607
1083
33040
787
14065
965
5780
458
18610
616
7093
839
1978
763
7815
897
22039
691
2420
890
6997
851
4668
609
2055
962
2954
1125
5472
798
5169
812
2293
1025
2378
794
3632
1051
3920
863
1616
752
1101
849
2638
969
3033
981
1897
785
3639
835
5351
723
4391
965
1311
909
7248
568
2872
845
2460
398
2851
929
1360
653
4642
697
2220
1031
4560
839
1015
870
1685
959
1587
452
1556
943
14969
867
2530
798
1761
1098
2456
999
1373
1036
4102
646
1354
890
2754
893
4042
578
1959
903
7463
452
1163
936
1805
937
26290
995
2512
974
4310
1089
22889
1014
4616
1114
5694
929
1145
849
11913
1031
3250
653
9076
816
2506
964
1152
1032
12224
1090
5510
706
2972
1045
1042
952
1878
787
3300
1028
14045
1027
10801
944
5807
876
3449
678
2433
897
11751
1026
3213
987
1880
1048
5694
949
2165
863
7037
1098
1243
876
4219
901
2414
835
1908
1098
4979
933
989
931
2140
876
50046
835
1647
1049
5651
1098
3197
1096
438
955
1084
876
1670
987
1806
1056
8984
1049
11942
839
4421
791
22178
1007
4305
916
1456
1092
20483
1051
3219
981
1317
1124
1588
452
33804
1178
4407
958
1829
969
4363
942
1137
784
2220
1125
3115
943
1314
867
4587
488
3912
1089
2342
653
1481
877
2375
707
7424
955
8700
876
1452
951
15384
1150
2246
578
3447
646
1417
629
10122
984
9380
823
1189
999
5809
851
2258
1013
12794
679
1093
578
4282
934
8480
914
1530
853
3190
1003
1649
982
3777
951
6576
1032
5510
1150
1657
916
2773
1129
5054
1030
1612
554
4517
794
2272
936
4666
1012
8653
897
15430
672
6231
823
2773
929
4010
984
2984
675
2658
707
76335
1030
2908
1049
4748
723
1548
933
3885
930
1925
908
3958
981
3760
763
1834
964
22973
851
4794
547
5167
937
2613
814
5539
763
3046
1021
1394
1057
7838
1016
3145
1028
2197
616
918
755
11930
851
3506
784
659
996
2570
1028
1902
609
3048
935
1224
834
3553
914
17994
974
63311
636
10085
967
7138
967
1084
755
2199
1155
5275
1003
1266
1029
3501
636
4302
926
11333
1023
5152
985
1846
646
7232
554
3076
951
3678
1083
2319
1051
6304
870
8155
1048
2019
1033
2267
1012
3415
933
8117
995
1223
1003
6017
646
7421
636
4255
994
1472
996
3510
995
1724
745
7582
969
3998
786
1366
1027
5309
646
2280
908
3501
943
8560
1071
1517
1132
1141
899
12495
958
2941
1033
1022
1035
2057
1098
5720
839
22681
1016
4585
452
1375
851
13574
786
12550
784
12065
814
1188
958
6320
984
4556
986
2258
925
9272
1010
2172
399
36410
876
9593
1045
1705
781
3546
1007
5703
1023
13323
760
3809
994
7527
996
4004
936
1219
1057
5343
814
2592
770
1425
814
1705
876
4391
870
7522
1027
5296
679
1441
992
2718
1027
3493
984
1510
763
3069
755
1249
985
3867
887
1797
803
1946
752
4815
763
6854
1049
1771
954
3769
965
1646
936
24677
1013
14775
675
1847
941
2144
803
6153
706
4315
398
3912
646
1318
955
20387
832
673
851
2141
901
5555
935
2790
972
6697
557
2158
1057
8060
1053
1559
629
2670
723
7499
697
9901
1007
8067
927
6514
629
2286
870
4013
568
9161
890
3523
974
1850
554
3558
1034
23352
578
7823
798
1574
801
1612
636
3314
586
5252
1061
5843
835
2746
1096
2355
812
11446
755
2452
1049
4238
1092
973
803
2833
1096
7423
965
3721
1092
3644
1029
9585
578
4985
1125
3965
927
6670
760
2813
604
3873
616
966
557
5777
784
7741
954
1254
987
837
974
2196
707
1862
890
1158
697
1885
1089
1643
964
1133
784
3884
981
5889
803
4356
1099
7941
972
5864
849
3360
901
1455
937
18208
629
6160
1089
4058
1008
7302
985
3132
994
7045
985
5634
814
1365
967
2391
958
3028
1125
21650
1056
3114
1053
1952
804
2903
1016
5195
984
10476
1034
1771
732
3053
399
1373
785
2271
967
1734
933
7832
807
3350
1124
2003
899
3553
952
1381
927
3585
732
8463
995
3731
723
1184
863
3690
1012
2229
732
6068
1025
5532
760
5734
925
1249
1027
1117
870
3295
1016
1211
1049
2600
1092
25946
1178
5398
1016
10841
732
9310
786
8871
691
4703
863
552
707
1596
1032
3317
629
186265
760
1828
786
17643
568
900
934
3326
853
8172
672
5944
1083
2641
949
1587
1032
28415
839
3127
930
3264
1094
7068
853
5329
1028
2688
760
1480
807
6818
981
3010
933
4186
976
4769
1150
2321
781
1002
976
1091
787
5684
1049
2316
742
2347
1027
6221
791
2122
1056
1000
870
9949
1031
2984
398
4121
1090
3036
984
1052
488
4357
1090
5216
1035
1181
675
3116
1021
1578
876
1500
1090
3761
1059
1173
755
4246
959
2049
812
3942
791
1881
763
33258
893
6361
967
746
987
3166
672
2255
937
1139
1094
1050
853
2177
981
3145
653
7127
834
4559
996
5824
1033
2947
1016
4094
678
2284
1090
7597
931
6815
877
3900
723
1532
994
1477
398
2034
1027
3342
812
1755
893
3577
964
2708
1178
1427
1030
1118
870
2552
803
5497
609
13219
851
2244
948
4525
865
5927
784
7744
753
4921
965
2005
931
3011
1096
2008
974
44739
812
2414
969
1685
781
2371
781
1354
849
3352
1071
4244
1061
5822
893
7274
458
3769
777
3253
398
4328
803
1149
1099
2220
755
2407
1046
2235
941
3061
785
2725
646
2222
986
7151
816
8429
985
1394
931
5473
760
4725
849
4453
1033
2677
1053
5560
870
1925
1016
3482
897
5317
816
4041
876
6503
951
8686
967
10666
935
1809
1150
9357
987
3610
941
4000
707
11170
1056
1707
1007
13925
568
4322
675
5682
994
2240
1021
6307
616
1723
948
3540
675
7061
1059
4555
878
1745
723
5422
678
3576
785
3630
1061
4581
982
1643
794
1775
876
2280
786
1000
787
5097
452
17992
870
2611
1003
3443
986
1065
770
10277
1046
1165
791
3511
985
1776
984
2597
816
1128
944
6887
1049
21887
636
2643
1129
2231
1129
3162
995
2017
1028
4065
801
8910
1033
2915
1094
1668
1094
5882
974
2040
812
5734
1129
4056
863
3445
965
1297
1089
2679
752
40173
812
5829
974
5164
1014
4664
636
3668
899
5072
1029
3854
1072
1005
984
2377
1125
1050
876
20391
1016
1619
935
1261
1033
6074
925
1583
877
1496
878
875
1178
3962
1129
1840
1025
1493
937
6154
551
1276
1026
3488
1003
1564
909
11220
1094
1220
995
2016
1089
1287
742
11463
863
8403
832
1814
1053
4071
798
1156
604
2329
398
2613
1114
2375
557
10655
1099
5593
812
6154
984
2423
936
3148
935
1257
1012
2281
629
1489
398
4366
678
1392
911
4699
909
5063
1132
7534
755
1814
675
4200
585
15776
930
5184
745
1011
1035
2843
1016
3449
948
2822
804
2423
742
2606
781
2348
807
1302
986
1272
893
5272
867
3586
984
1761
937
3751
1125
4854
697
2374
1036
1814
1129
4111
1098
1153
742
2379
1040
2616
786
3760
636
2104
675
6485
1048
3305
604
3400
943
9712
941
6734
1036
3655
745
3905
1089
7978
1125
2182
1027
4510
982
2835
1007
1248
786
23451
984
3548
581
7904
803
2451
1059
9488
849
3876
877
3948
745
8748
986
24791
1048
2859
1098
6122
936
2678
1028
4719
1072
1724
834
9192
949
1766
948
2107
987
8661
1030
1692
887
6217
936
3629
867
3896
964
1488
877
3447
1046
6693
1023
11284
398
22181
909
1391
935
1282
1124
1860
1057
846
996
2941
753
846
1090
3129
679
1470
1012
2919
999
5147
996
4635
1094
31879
707
7844
794
3677
1049
5915
999
6808
949
2947
890
4036
1125
1794
865
3991
678
4912
914
5513
1071
3231
1003
190461
919
4741
912
11212
732
1213
985
5669
1036
3500
865
2941
965
3925
1030
39802
1056
8001
985
1863
557
2794
982
1192
1057
1336
785
3543
616
41115
853
22539
616
1776
832
743
752
5328
994
1296
1049
3046
803
3677
941
1352
646
6345
1035
6386
1032
4184
1010
4385
876
5702
697
4426
770
10117
777
3551
672
32330
1040
2645
557
4366
697
1595
999
1996
675
5956
791
2174
742
1779
1031
918
1155
1349
1125
3498
996
1644
1096
3509
929
2641
887
4433
745
3150
675
7018
1048
8390
959
2819
981
2742
1036
2003
1016
3085
801
712
916
1319
992
971
399
5545
1098
3449
893
1828
672
2869
1016
12111
929
1801
914
5160
604
1811
903
2670
679
5186
678
2677
791
1252
1086
1477
786
7434
1072
1018
832
1371
1124
2331
1099
3329
1092
2706
1007
3943
675
4668
1124
27305
791
3107
742
5534
931
2501
865
2839
849
2296
878
1645
985
2659
1014
6959
1071
3923
985
3200
1046
6977
992
4765
672
11201
936
8989
876
1719
839
2637
585
3579
1014
2389
1061
1659
1051
2609
943
1709
1056
2815
399
1675
752
2365
995
10330
745
4283
1035
4109
941
2022
1057
1832
969
10671
930
3090
1124
1496
1033
6412
794
4812
893
2129
697
8573
911
4230
772
51450
801
3272
952
1042
927
91606
803
8857
1150
4145
984
818
929
1441
919
13137
962
7510
488
2251
970
6304
1032
3083
981
2809
1048
2976
1124
2643
1046
21781
897
15416
753
1236
1046
2151
616
3301
1027
5223
992
3151
801
1903
1053
10021
1053
5696
965
3393
1096
5857
636
7291
1094
2914
1027
3694
936
16885
816
2098
452
6501
870
3029
581
857
697
1832
941
8619
1114
2022
1007
2071
986
4431
675
4054
901
1234
1032
2157
1030
2737
763
5107
807
3668
1072
8537
636
4477
1029
806
982
2539
1124
1311
1034
1532
955
27974
781
9204
1008
6723
867
2308
1026
8036
1072
2049
1025
1547
937
2007
804
1191
984
5158
755
1188
863
1983
1150
2575
951
3233
1008
1242
753
4822
745
4407
949
1739
865
8916
976
3453
976
3577
954
49636
452
3918
1086
3925
823
6903
870
9358
942
3277
877
3585
706
3634
755
3290
970
2919
986
1935
1057
32460
955
3219
1125
6812
581
11465
823
13687
899
1371
925
4050
636
4175
1036
3010
1029
6591
801
3926
807
24165
893
8374
1010
1482
1056
3678
1040
1817
399
2215
943
4657
1089
1339
1036
1169
398
3492
926
16654
1013
1363
1028
2848
458
2172
581
2410
919
2192
1046
6191
925
4048
1027
25443
707
1588
452
3520
1014
9821
955
2783
999
4858
1057
1372
801
2636
803
790
877
7459
1089
1781
801
19336
399
2834
1114
2631
865
8778
1012
2089
839
8473
812
2763
909
10135
1013
910
1026
7703
1036
2436
1059
13212
706
6020
870
5775
970
3113
1089
980
981
1391
1057
891
964
4010
933
36514
1096
3143
1051
1971
1086
5398
745
6063
399
9306
1061
3614
742
2318
1072
11592
1099
4805
992
2598
943
1471
1025
6217
557
1698
1086
8269
732
3265
458
2966
1053
2794
760
1194
863
19846
908
2320
933
6791
812
5450
770
1271
965
3828
814
6349
849
1853
851
7405
804
8280
801
2911
1061
1064
1098
5629
969
7005
959
4358
742
8034
816
1766
1094
2907
944
2018
772
29295
785
3688
1090
2134
697
1348
851
3477
839
7231
955
8940
964
4404
1083
3292
901
1355
653
3351
930
1705
1155
5962
965
4391
777
3037
804
1243
951
4568
609
2360
967
1917
823
1997
557
1960
609
1262
586
1000
934
1343
723
2120
697
16003
948
1256
949
2262
770
31970
931
2407
791
4394
609
36282
1086
5665
786
1925
1125
4414
1124
3131
927
2505
554
4695
1096
3611
755
3767
458
23691
951
1946
1089
5870
803
875
835
11785
1150
5543
969
5683
787
2174
887
1462
1007
1087
949
2885
1072
4494
929
2788
870
7549
943
2332
944
6879
901
1991
753
13156
770
15603
982
2868
1155
3843
1083
1447
1094
1190
675
1564
1057
4735
1026
1789
755
1777
958
2217
925
1552
1007
2149
870
1923
986
1160
929
22291
942
6401
929
3287
958
9358
926
7957
1036
48900
1057
5149
1071
1785
999
1979
992
1367
1040
3851
1010
3292
1014
4177
785
4141
995
6743
770
2461
609
30811
954
6507
839
1327
912
3346
1072
6841
1031
2289
958
37751
985
4399
996
1473
927
1000
1012
1830
679
2012
763
5405
675
2936
784
33245
867
3820
925
3473
1178
9642
981
1809
916
1478
812
7531
951
42575
770
8510
1098
4865
1155
7269
834
1369
1150
9305
976
4269
1124
1631
929
3436
832
3159
981
5196
732
4211
1056
2073
981
2085
1036
2644
930
8824
1083
5513
675
4431
851
4317
931
4441
962
2429
777
1670
763
1707
581
5578
995
2124
901
713
897
5309
679
4739
1021
3827
1029
3940
916
4432
959
4543
1033
3326
1028
7370
1028
2837
707
3223
1155
5916
974
12035
636
2429
914
2202
678
1939
942
4833
1010
2680
970
7521
488
2563
899
1475
1072
1471
865
22396
585
2122
969
5393
908
5102
578
8950
1048
2645
1031
2312
781
8492
551
8218
787
3094
816
2957
1071
2939
877
12837
1057
4039
967
7027
784
2877
958
1229
909
1941
1094
2461
742
11511
919
5562
1003
1796
954
4252
948
2476
951
15863
865
1894
679
2988
707
1920
994
2151
1150
2083
551
3975
551
11139
934
6157
1083
6943
554
16131
636
11143
984
1828
691
18007
1027
1714
877
5702
1071
8284
679
895
970
3663
981
2547
914
778
949
1679
753
1164
723
13027
1029
1752
1035
3308
691
2213
547
3316
832
3703
801
1385
1012
2435
1032
4412
585
5207
972
1193
803
1281
1099
6993
753
6026
893
2379
834
3111
1048
10212
984
3142
1049
3560
755
3453
1027
4885
1057
2347
784
2060
867
2307
488
3057
616
3494
949
1721
992
5780
1094
2486
959
2577
834
4348
951
2261
877
1873
1155
7571
981
2085
955
2258
804
2743
954
4621
785
5602
1059
10115
1040
31108
925
1317
835
2045
986
1778
835
6983
909
2074
909
14391
931
6794
755
2970
996
1687
853
4193
1155
2341
969
5392
1048
15936
787
2925
964
1306
916
2068
951
1638
1051
1996
760
3440
732
1904
835
1866
876
5652
982
3184
816
1064
878
6956
1125
132297
794
906
691
7083
1045
7846
1059
1355
994
3641
942
1803
803
2326
909
1121
1012
1727
1045
1305
568
2933
934
3213
581
1795
1031
11956
752
1789
1034
1916
1125
5963
785
5301
398
2091
1071
1527
786
1578
1099
4739
1027
12324
908
3316
1029
2645
1035
7992
925
5473
755
2007
959
4488
984
2984
893
4384
970
5261
1010
1203
901
4951
706
3457
870
3497
604
2003
794
1683
1053
2147
949
13116
1046
1147
1013
1368
804
4351
1099
3670
1090
1426
934
1932
557
1519
697
3759
787
1847
1025
2919
1014
1393
878
3890
1021
1998
772
1224
935
5412
851
2211
964
4928
1124
2885
616
1385
1090
1233
777
5723
803
10440
893
2162
987
8280
909
1645
1012
1440
399
7926
1014
6138
999
6693
1092
2081
1016
2695
547
6844
1016
19986
972
1618
1086
1491
557
6502
944
3053
999
1024
1049
3237
903
4824
985
12244
1021
3183
1021
6756
890
1088
1033
3414
887
8120
458
2626
672
5311
554
2366
914
1707
1036
3440
954
7523
926
1828
935
7046
1178
3678
999
3326
890
10277
636
4534
986
2365
890
3020
1049
1384
1010
23998
930
1432
974
3682
901
2855
839
4480
970
2484
1124
5065
897
11819
929
4234
1124
1432
926
4657
985
3200
1034
2641
952
2753
585
19908
1132
1082
1032
9573
823
1751
678
1507
1010
20710
1099
1307
723
2620
1094
7716
942
3140
1028
3384
863
3424
1030
2140
755
5518
691
6846
791
2157
865
1777
1008
4221
853
4041
1053
4211
1083
1161
929
2623
949
3478
959
3792
823
2792
554
6957
909
6266
609
11417
753
5198
925
2299
1129
1158
458
1275
458
2386
1046
2206
1059
4607
944
3505
772
2689
1045
5514
1034
5136
1089
4129
1053
2194
943
7675
1099
1628
752
21622
636
5637
996
1389
1178
5827
812
3565
629
1229
1040
5423
890
3636
653
24174
1150
12628
986
8326
955
2019
1036
3150
1061
2034
925
3057
814
7560
745
1862
1086
6505
1048
7294
1033
2393
929
4488
1023
1235
877
3511
814
3144
732
1197
1056
3055
679
1248
772
3669
636
1770
551
8529
763
8015
791
1127
893
1300
679
3496
803
5548
679
2229
1056
3991
636
1692
1125
3461
1092
5274
1045
3805
1099
10216
965
20006
851
1849
929
3272
987
7256
974
4244
745
13086
1114
5814
781
11631
992
5133
941
4687
935
3799
890
5048
814
4617
967
6683
1040
6083
1048
1830
893
1650
1155
2177
944
4285
937
9259
1036
2499
1016
13618
609
1590
1029
7879
706
2177
863
9307
547
31046
609
28066
755
3787
897
1108
878
3041
1129
5656
965
1278
893
1408
1083
4279
897
1455
962
3354
909
26651
777
18972
672
2318
646
3412
753
2494
763
3290
697
4283
933
3029
1045
4965
804
5916
1098
5029
908
4705
970
2021
1072
4277
863
5224
636
3905
814
2880
814
1138
1129
7012
1090
3595
927
1394
786
7958
1057
10493
732
3544
916
1172
943
2928
732
4693
1150
17401
926
7619
1010
2649
801
2868
781
5130
1013
2716
931
4533
798
5353
1092
1119
803
4045
867
1218
1025
1862
1036
3427
1026
1756
890
1974
984
3803
807
5908
930
1076
877
1298
697
4454
987
10530
969
8370
1098
2421
867
6498
870
3115
933
16273
912
3487
893
2418
636
2674
1030
2046
887
2206
781
28247
835
5439
786
11086
1003
100917
1012
4895
672
2180
935
2878
936
5712
901
5459
785
5667
887
7675
581
1935
954
2894
958
9432
763
4199
943
2753
745
6066
755
5394
804
9280
1033
3701
936
3403
772
6932
984
4562
1090
4977
952
3491
926
1941
931
6132
578
5671
999
2622
865
1800
999
2290
1028
7314
697
3501
925
1254
787
4400
951
5511
1061
6098
629
1607
707
2631
931
3317
816
4795
1099
2132
976
938
1028
7019
954
3170
1099
3765
1008
1112
958
9055
903
3876
982
5963
801
3281
551
2875
1048
2029
554
5271
933
4843
994
2410
772
6994
995
12005
1089
9182
1007
28944
1086
3290
1023
4617
965
2602
958
16717
899
4956
996
8659
909
2964
962
1082
887
8413
967
1998
929
5264
1114
10045
887
1276
863
2142
1032
2163
763
2632
458
2809
1059
3124
887
3287
812
1063
897
1147
845
5188
942
6464
803
2575
903
2022
1094
1696
1125
3601
551
1975
807
2612
1053
2883
585
6328
970
3950
1155
3778
1094
1918
781
1468
1150
980
1016
5863
629
1279
1094
2541
851
1681
1125
1892
1124
1835
839
1897
986
1570
798
2498
772
7356
1099
1358
954
3762
753
2166
745
2919
785
1263
1016
1038
1053
5217
787
15226
1046
2120
1094
6595
959
5734
1016
4366
1026
5132
951
2324
911
7760
845
1831
616
5352
955
2857
777
1552
976
1182
934
1574
798
4042
969
19799
798
1353
1021
15127
890
8036
909
8349
974
2827
1089
2947
1061
2198
964
6863
786
960
1036
3767
987
8248
916
2061
942
7859
1155
5253
933
4174
804
3743
1129
2749
942
1687
1086
3780
823
12923
994
1133
996
2903
781
3026
845
2573
1010
1371
935
5891
1098
5116
867
5682
934
1455
974
3834
1125
6147
1048
18323
1051
1430
745
15074
784
3150
937
6040
999
3668
794
5946
1059
2256
803
1748
996
30772
616
5321
994
2906
1129
22067
1129
2182
1030
5076
1089
1565
398
3750
944
2687
845
7661
1056
895
985
874
1035
2637
914
1843
903
1305
1124
32546
863
7097
853
1575
1048
4717
1178
3344
951
1928
1027
2891
897
1947
1072
2395
1071
4165
581
2911
934
16091
954
5683
816
2910
927
2037
755
2574
1155
5048
970
12897
1010
2333
616
2481
933
3687
972
1290
1048
857
551
4359
919
6301
1035
5482
803
5626
554
4210
760
2213
777
2007
1072
17171
801
1758
578
11636
1032
1272
930
2189
691
1502
972
4748
581
1678
732
2431
839
2378
1027
10917
1057
3029
982
5332
863
3423
964
2620
1096
2526
1027
3937
933
6729
1059
1613
760
5543
912
1341
951
5684
770
9897
794
2005
949
1904
781
11548
959
1975
697
20162
925
4742
755
6331
1031
2869
604
2995
1046
2136
784
6135
941
9922
1083
53197
787
1994
1025
940
1008
6664
706
5167
772
2093
1056
1352
787
11762
723
1197
912
3492
585
2281
1021
12329
929
9293
937
840
697
3601
1125
1393
878
4945
755
2575
1155
6520
586
2835
1021
2939
755
5950
1045
5841
937
2098
877
1332
488
8301
755
1649
876
1550
919
1562
929
7788
679
1832
804
1803
959
11119
803
3424
976
4504
1089
371648
1035
20079
1090
3958
804
8196
876
7648
1094
806
984
4420
568
14662
834
3383
955
2478
1061
1809
398
12541
763
3041
943
2065
732
11228
675
8784
1034
2909
723
2396
1092
3747
557
1062
870
12297
851
1693
787
1462
1094
4162
949
7861
958
4625
646
1519
616
3756
1035
4880
899
21324
934
1406
996
15774
1071
3797
604
3834
897
5036
803
8270
981
1372
678
1505
962
7712
1072
8109
753
3410
803
4605
812
3520
911
2057
996
4582
999
1932
887
6070
1083
7901
982
11710
901
3575
691
3209
1125
1403
1046
1536
1008
1702
951
2795
1057
5103
962
2468
943
3507
942
4319
706
4562
1083
3813
981
3197
929
1724
1178
2720
760
2077
903
1388
929
1278
1035
4718
1036
5008
887
1690
742
14306
967
4194
972
2679
551
2678
949
2835
1028
2531
1026
2469
951
1291
784
1708
653
2708
835
3568
941
2221
933
3059
949
5327
752
6480
753
1525
398
6074
554
8303
995
1469
916
1355
1025
3539
399
7448
976
3211
839
4608
1051
3332
926
4703
1032
17367
1129
4611
974
2153
488
3017
801
3323
982
1447
755
16928
992
4422
578
1959
551
3519
784
2809
931
1807
1012
1341
835
4019
878
1068
955
1464
547
1308
949
2649
914
6161
996
9626
1057
802
893
1685
781
10462
935
2199
936
3456
897
14421
807
2953
1053
4072
636
1211
914
2151
1032
7169
1012
32478
1051
1666
1083
3032
955
4219
893
12626
1083
3179
967
843
1125
2223
964
7734
1090
5573
807
2519
1090
1149
934
13080
675
2944
1150
3612
926
2564
581
15263
931
7000
763
4344
1032
1783
930
3243
1033
1744
804
6062
784
3812
1007
1175
943
1729
899
2908
952
2135
1010
2998
987
900
967
1295
955
6983
823
3828
878
6370
935
1902
948
4889
760
5301
1099
1635
908
4228
851
9207
849
3834
994
18054
488
2290
999
3047
1051
11356
870
23938
1057
1001
933
12377
987
4274
877
2241
1016
3875
772
17272
863
3049
948
5175
786
3577
1045
3643
707
2124
803
10240
791
906
1032
1179
646
4070
948
1311
1129
4605
755
5957
937
1107
616
6766
1150
4689
755
1199
791
3469
823
3083
1089
4641
1099
5628
616
3249
772
2679
925
1430
914
1131
981
4750
929
4558
784
20350
995
2140
996
1307
578
1428
1034
1191
557
3272
1129
3267
488
7310
1114
3232
1059
3045
707
4215
636
2244
1016
3418
1125
6694
893
2425
954
2724
965
3830
969
13674
777
4826
936
3454
770
1654
706
4554
1028
14476
785
3337
1045
9463
777
5202
929
11540
786
3143
1031
3671
931
4616
1132
2815
969
14416
992
3110
969
30181
934
5676
707
6541
1051
4104
982
561
488
4094
955
4744
909
4700
399
1931
568
3677
798
1235
999
4374
646
3085
954
1569
835
1955
791
4815
1178
1416
763
1163
786
5219
1046
4759
772
15835
786
2415
1125
3012
781
2134
936
2980
916
1399
954
21601
812
7674
753
1769
1008
8795
925
3429
1040
6916
937
4949
982
4621
452
9140
908
1648
832
18721
1014
1690
581
1935
937
2978
801
1573
557
3594
794
1405
893
1886
753
19424
1125
4592
816
5510
876
3138
823
4395
916
2137
1029
5167
926
950
832
2500
1012
4646
777
4459
919
4224
937
2043
1124
20974
985
2787
1061
4224
604
3607
951
5367
964
6551
952
3756
1010
3134
1021
6655
1071
2043
899
1798
1072
3431
697
2516
636
2471
890
2956
1094
1537
1089
5114
798
1535
1086
3574
551
1822
965
2512
551
9641
794
5140
398
1324
933
5460
1033
4815
934
3182
697
4364
554
1743
646
2361
832
3504
926
4739
890
979
458
3087
801
1011
974
6897
1026
1812
1057
2000
585
5425
1125
840
1155
1635
1013
2158
804
18503
586
3045
930
8241
1090
6291
1029
1862
930
7377
941
8283
777
5332
653
5466
955
802
944
8924
1048
4277
987
2841
770
18480
646
13158
1025
5645
770
1266
1034
971
784
1439
1092
4061
636
1512
969
4957
948
21500
794
7523
785
1212
851
26512
585
6462
585
2869
1051
4517
870
5843
995
1494
755
2127
976
5769
959
1298
488
6298
912
4530
801
4904
488
5115
1010
2868
995
3510
992
1005
951
1230
908
14675
982
1655
914
3039
1033
1004
568
3151
982
850
937
3990
1072
1130
1016
2815
982
4060
547
1767
933
1979
755
4580
929
3091
745
3056
697
3022
1014
875
909
2395
787
13323
1027
1157
551
2696
954
2447
1014
2016
948
2115
981
5810
1012
4147
763
2754
1034
2121
1016
6743
944
1960
798
2798
959
2198
636
15371
916
1020
1026
2228
962
2497
926
1924
398
5596
753
22235
964
3880
1031
6736
930
17475
636
2678
551
4004
1092
54732
903
1050
786
1714
893
3926
834
4661
865
2798
753
9090
547
4388
849
1281
903
1867
745
2734
974
1965
706
4027
784
5521
672
4934
678
6718
568
8784
1098
2519
578
4642
1016
4400
1071
1918
578
1305
974
4146
876
6006
604
2622
930
2505
616
4036
812
2157
1099
4504
816
7640
1114
5694
936
1138
1059
12199
1099
4374
1071
3507
801
2718
976
2495
936
2982
853
2829
901
1541
1125
1039
770
1781
845
11234
1013
7415
816
5057
1072
1691
752
831
1071
1913
755
10189
672
16994
985
7400
969
5111
